1 2 1.000000 0.999999
1 3 1.000000 0.999655
1 4 1.000000 1.000000
1 5 1.000000 1.000000
1 6 1.000000 0.947195
1 7 1.000000 0.999971
1 8 1.000000 0.982915
1 9 1.000000 0.984175
1 10 1.000000 0.990213
1 11 1.000000 0.999898
1 12 1.000000 0.968126
1 13 1.000000 0.999998
1 14 1.000000 1.000000
1 15 1.000000 0.999615
1 16 1.000000 0.980600
1 17 1.000000 0.999766
1 18 1.000000 0.999988
1 19 1.000000 0.998681
1 20 1.000000 1.000000
1 21 1.000000 0.999999
1 22 1.000000 0.996363
1 23 1.000000 0.999998
1 24 1.000000 1.000000
1 25 1.000000 0.999994
1 26 1.000000 0.968657
1 27 1.000000 0.999999
1 28 1.000000 0.999999
1 29 1.000000 0.940645
1 30 1.000000 0.999999
1 31 1.000000 0.982177
2 3 1.000000 1.000000
2 4 1.000000 1.000000
2 5 1.000000 0.979949
2 6 1.000000 0.826136
2 7 1.000000 1.000000
2 8 1.000000 0.999992
2 9 1.000000 0.974488
2 10 1.000000 0.981811
2 11 1.000000 0.961636
2 12 1.000000 0.999998
2 13 1.000000 1.000000
2 14 1.000000 0.965980
2 15 1.000000 0.987250
2 16 1.000000 0.994041
2 17 1.000000 0.978020
2 18 1.000000 0.999999
2 19 1.000000 1.000000
2 20 1.000000 0.979555
2 21 1.000000 1.000000
2 22 1.000000 0.809665
2 23 1.000000 0.999998
2 24 1.000000 0.999997
2 25 1.000000 0.999998
2 26 1.000000 1.000000
2 27 1.000000 0.999999
2 28 1.000000 0.989128
2 29 1.000000 0.926150
2 30 1.000000 0.967617
2 31 1.000000 0.963535
2 32 1.000000 0.935707
3 4 1.000000 0.999997
3 5 1.000000 1.000000
3 6 1.000000 1.000000
3 7 1.000000 1.000000
3 8 1.000000 0.984886
3 9 1.000000 0.967251
3 10 1.000000 1.000000
3 11 1.000000 0.360077
3 12 1.000000 0.999995
3 13 1.000000 0.994454
3 14 1.000000 0.969169
3 15 1.000000 1.000000
3 16 1.000000 0.999990
3 17 1.000000 0.985023
3 18 1.000000 0.970301
3 19 1.000000 0.991416
3 20 1.000000 0.999985
3 21 1.000000 0.999181
3 22 1.000000 0.999999
3 23 1.000000 0.995918
3 24 1.000000 0.955219
3 25 1.000000 0.930992
3 26 1.000000 0.991280
3 27 1.000000 0.899961
3 28 1.000000 0.994899
3 29 1.000000 0.975753
3 30 1.000000 0.972624
3 31 1.000000 0.941532
3 32 1.000000 0.978567
3 33 1.000000 0.945249
4 5 1.000000 0.992508
4 6 1.000000 0.988856
4 7 1.000000 0.999997
4 8 1.000000 0.999999
4 9 1.000000 0.980202
4 10 1.000000 1.000000
4 11 1.000000 0.952456
4 12 1.000000 0.973969
4 13 1.000000 0.966736
4 14 1.000000 0.996368
4 15 1.000000 1.000000
4 16 1.000000 0.999968
4 17 1.000000 0.999920
4 18 1.000000 0.999998
4 19 1.000000 1.000000
4 20 1.000000 1.000000
4 21 1.000000 0.994795
4 22 1.000000 0.999995
4 23 1.000000 0.999990
4 24 1.000000 0.958937
4 25 1.000000 0.999999
4 26 1.000000 0.963286
4 27 1.000000 0.956641
4 28 1.000000 0.983497
4 29 1.000000 0.999997
4 30 1.000000 0.975984
4 31 1.000000 0.972710
4 32 1.000000 0.999995
4 33 1.000000 1.000000
4 34 1.000000 0.990308
5 6 1.000000 1.000000
5 7 1.000000 0.869304
5 8 1.000000 1.000000
5 9 1.000000 0.996658
5 10 1.000000 0.999984
5 11 1.000000 0.999999
5 12 1.000000 0.987225
5 13 1.000000 0.999994
5 14 1.000000 0.999994
5 15 1.000000 0.999989
5 16 1.000000 1.000000
5 17 1.000000 0.994302
5 18 1.000000 0.979022
5 19 1.000000 1.000000
5 20 1.000000 0.992317
5 21 1.000000 1.000000
5 22 1.000000 1.000000
5 23 1.000000 0.999998
5 24 1.000000 0.955755
5 25 1.000000 0.990635
5 26 1.000000 1.000000
5 27 1.000000 0.999994
5 28 1.000000 1.000000
5 29 1.000000 0.985205
5 30 1.000000 0.999991
5 31 1.000000 0.999995
5 32 1.000000 0.999997
5 33 1.000000 1.000000
5 34 1.000000 1.000000
5 35 1.000000 0.963439
6 7 1.000000 0.984127
6 8 1.000000 0.999629
6 9 1.000000 1.000000
6 10 1.000000 0.858271
6 11 1.000000 0.999995
6 12 1.000000 0.997879
6 13 1.000000 1.000000
6 14 1.000000 0.976879
6 15 1.000000 0.999932
6 16 1.000000 0.996459
6 17 1.000000 0.988242
6 18 1.000000 0.992931
6 19 1.000000 0.979712
6 20 1.000000 0.998830
6 21 1.000000 0.999977
6 22 1.000000 0.999999
6 23 1.000000 0.999997
6 24 1.000000 0.999984
6 25 1.000000 0.999997
6 26 1.000000 1.000000
6 27 1.000000 0.962541
6 28 1.000000 0.982205
6 29 1.000000 1.000000
6 30 1.000000 1.000000
6 31 1.000000 0.999995
6 32 1.000000 0.982183
6 33 1.000000 1.000000
6 34 1.000000 1.000000
6 35 1.000000 0.999998
6 36 1.000000 1.000000
7 8 1.000000 1.000000
7 9 1.000000 0.956285
7 10 1.000000 0.939760
7 11 1.000000 0.874650
7 12 1.000000 0.999998
7 13 1.000000 1.000000
7 14 1.000000 0.907612
7 15 1.000000 0.999998
7 16 1.000000 0.999993
7 17 1.000000 1.000000
7 18 1.000000 0.935535
7 19 1.000000 1.000000
7 20 1.000000 1.000000
7 21 1.000000 0.796269
7 22 1.000000 1.000000
7 23 1.000000 0.999996
7 24 1.000000 0.999999
7 25 1.000000 0.999995
7 26 1.000000 0.928691
7 27 1.000000 0.999999
7 28 1.000000 1.000000
7 29 1.000000 0.999999
7 30 1.000000 1.000000
7 31 1.000000 0.987205
7 32 1.000000 0.991326
7 33 1.000000 0.931721
7 34 1.000000 0.991312
7 35 1.000000 1.000000
7 36 1.000000 0.999997
7 37 1.000000 0.979861
8 9 1.000000 0.999996
8 10 1.000000 0.973655
8 11 1.000000 0.914782
8 12 1.000000 0.939338
8 13 1.000000 0.994306
8 14 1.000000 0.947370
8 15 1.000000 0.975590
8 16 1.000000 0.972755
8 17 1.000000 0.999997
8 18 1.000000 0.999998
8 19 1.000000 0.957067
8 20 1.000000 0.999998
8 21 1.000000 0.962101
8 22 1.000000 1.000000
8 23 1.000000 1.000000
8 24 1.000000 1.000000
8 25 1.000000 0.999999
8 26 1.000000 0.999999
8 27 1.000000 0.999998
8 28 1.000000 0.999999
8 29 1.000000 1.000000
8 30 1.000000 1.000000
8 31 1.000000 0.952441
8 32 1.000000 0.999999
8 33 1.000000 0.999995
8 34 1.000000 1.000000
8 35 1.000000 0.999997
8 36 1.000000 1.000000
8 37 1.000000 0.999994
8 38 1.000000 0.978996
9 10 1.000000 1.000000
9 11 1.000000 0.966926
9 12 1.000000 0.983878
9 13 1.000000 1.000000
9 14 1.000000 0.875457
9 15 1.000000 0.907536
9 16 1.000000 0.921832
9 17 1.000000 0.938495
9 18 1.000000 0.984777
9 19 1.000000 0.823335
9 20 1.000000 0.902040
9 21 1.000000 0.989242
9 22 1.000000 0.992793
9 23 1.000000 0.999998
9 24 1.000000 0.983156
9 25 1.000000 0.999998
9 26 1.000000 0.934314
9 27 1.000000 0.960172
9 28 1.000000 0.953318
9 29 1.000000 0.999992
9 30 1.000000 1.000000
9 31 1.000000 1.000000
9 32 1.000000 0.999998
9 33 1.000000 1.000000
9 34 1.000000 0.962768
9 35 1.000000 0.999995
9 36 1.000000 0.991823
9 37 1.000000 0.999986
9 38 1.000000 0.994949
9 39 1.000000 0.988046
10 11 1.000000 0.999884
10 12 1.000000 0.972915
10 13 1.000000 0.510830
10 14 1.000000 1.000000
10 15 1.000000 1.000000
10 16 1.000000 0.927432
10 17 1.000000 1.000000
10 18 1.000000 0.998520
10 19 1.000000 0.999999
10 20 1.000000 0.949493
10 21 1.000000 0.999999
10 22 1.000000 0.999974
10 23 1.000000 0.962224
10 24 1.000000 0.999997
10 25 1.000000 0.995368
10 26 1.000000 0.999998
10 27 1.000000 1.000000
10 28 1.000000 0.999997
10 29 1.000000 0.986801
10 30 1.000000 0.999999
10 31 1.000000 1.000000
10 32 1.000000 0.931741
10 33 1.000000 1.000000
10 34 1.000000 0.964966
10 35 1.000000 0.999992
10 36 1.000000 1.000000
10 37 1.000000 0.999998
10 38 1.000000 0.999991
10 39 1.000000 0.914476
10 40 1.000000 0.948855
11 12 1.000000 1.000000
11 13 1.000000 0.997512
11 14 1.000000 0.999988
11 15 1.000000 1.000000
11 16 1.000000 0.942349
11 17 1.000000 0.979477
11 18 1.000000 0.999995
11 19 1.000000 0.944448
11 20 1.000000 0.932453
11 21 1.000000 0.992667
11 22 1.000000 0.997612
11 23 1.000000 0.994519
11 24 1.000000 0.996164
11 25 1.000000 0.945443
11 26 1.000000 0.999999
11 27 1.000000 0.973619
11 28 1.000000 0.981221
11 29 1.000000 1.000000
11 30 1.000000 1.000000
11 31 1.000000 0.999996
11 32 1.000000 0.978802
11 33 1.000000 0.981781
11 34 1.000000 0.999979
11 35 1.000000 0.953264
11 36 1.000000 0.999997
11 37 1.000000 0.966022
11 38 1.000000 0.999999
11 39 1.000000 0.999997
11 40 1.000000 0.979130
11 41 1.000000 0.999948
12 13 1.000000 0.999104
12 14 1.000000 0.996101
12 15 1.000000 0.985153
12 16 1.000000 0.987645
12 17 1.000000 1.000000
12 18 1.000000 0.978131
12 19 1.000000 0.973819
12 20 1.000000 0.950760
12 21 1.000000 0.943072
12 22 1.000000 0.980760
12 23 1.000000 1.000000
12 24 1.000000 0.978256
12 25 1.000000 0.989445
12 26 1.000000 1.000000
12 27 1.000000 0.999989
12 28 1.000000 1.000000
12 29 1.000000 1.000000
12 30 1.000000 1.000000
12 31 1.000000 1.000000
12 32 1.000000 1.000000
12 33 1.000000 1.000000
12 34 1.000000 0.999991
12 35 1.000000 0.975499
12 36 1.000000 0.950409
12 37 1.000000 0.999999
12 38 1.000000 1.000000
12 39 1.000000 0.995143
12 40 1.000000 0.945529
12 41 1.000000 0.964605
12 42 1.000000 0.999991
13 14 1.000000 0.998654
13 15 1.000000 0.975956
13 16 1.000000 0.985492
13 17 1.000000 0.908954
13 18 1.000000 0.999996
13 19 1.000000 0.953302
13 20 1.000000 0.937337
13 21 1.000000 0.977750
13 22 1.000000 0.943239
13 23 1.000000 0.975044
13 24 1.000000 1.000000
13 25 1.000000 1.000000
13 26 1.000000 0.995760
13 27 1.000000 1.000000
13 28 1.000000 0.999996
13 29 1.000000 0.992896
13 30 1.000000 1.000000
13 31 1.000000 0.970565
13 32 1.000000 0.975793
13 33 1.000000 0.999995
13 34 1.000000 0.989778
13 35 1.000000 0.999989
13 36 1.000000 0.978051
13 37 1.000000 0.989483
13 38 1.000000 0.970453
13 39 1.000000 0.958979
13 40 1.000000 0.999997
13 41 1.000000 0.999974
13 42 1.000000 0.999990
13 43 1.000000 0.999969
14 15 1.000000 0.975349
14 16 1.000000 0.976461
14 17 1.000000 1.000000
14 18 1.000000 0.999980
14 19 1.000000 0.967199
14 20 1.000000 0.999998
14 21 1.000000 0.999992
14 22 1.000000 0.999992
14 23 1.000000 0.999996
14 24 1.000000 0.972077
14 25 1.000000 0.963141
14 26 1.000000 0.953733
14 27 1.000000 0.999999
14 28 1.000000 1.000000
14 29 1.000000 0.990630
14 30 1.000000 1.000000
14 31 1.000000 0.977505
14 32 1.000000 0.999999
14 33 1.000000 0.990581
14 34 1.000000 0.999984
14 35 1.000000 0.977687
14 36 1.000000 0.967369
14 37 1.000000 0.999997
14 38 1.000000 0.999993
14 39 1.000000 0.948283
14 40 1.000000 0.999997
14 41 1.000000 0.999990
14 42 1.000000 0.972037
14 43 1.000000 0.999992
14 44 1.000000 0.999994
15 16 1.000000 0.975538
15 17 1.000000 0.991245
15 18 1.000000 0.956907
15 19 1.000000 0.893512
15 20 1.000000 0.975313
15 21 1.000000 0.997957
15 22 1.000000 0.999996
15 23 1.000000 0.999987
15 24 1.000000 1.000000
15 25 1.000000 0.970094
15 26 1.000000 0.967145
15 27 1.000000 0.999996
15 28 1.000000 0.984192
15 29 1.000000 0.995883
15 30 1.000000 0.999999
15 31 1.000000 0.879681
15 32 1.000000 0.999999
15 33 1.000000 0.993462
15 34 1.000000 0.999997
15 35 1.000000 0.885860
15 36 1.000000 0.999999
15 37 1.000000 0.952302
15 38 1.000000 0.999996
15 39 1.000000 0.983554
15 40 1.000000 0.976918
15 41 1.000000 0.999968
15 42 1.000000 0.999989
15 43 1.000000 0.999999
15 44 1.000000 0.999986
15 45 1.000000 0.999967
16 17 1.000000 1.000000
16 18 1.000000 0.975903
16 19 1.000000 0.975363
16 20 1.000000 0.999997
16 21 1.000000 0.977608
16 22 1.000000 0.893051
16 23 1.000000 0.997710
16 24 1.000000 0.961610
16 25 1.000000 0.999997
16 26 1.000000 0.999997
16 27 1.000000 0.999999
16 28 1.000000 0.999998
16 29 1.000000 0.988222
16 30 1.000000 1.000000
16 31 1.000000 1.000000
16 32 1.000000 0.986527
16 33 1.000000 0.999999
16 34 1.000000 0.999997
16 35 1.000000 0.999984
16 36 1.000000 0.999999
16 37 1.000000 0.987256
16 38 1.000000 0.980297
16 39 1.000000 0.948045
16 40 1.000000 0.944055
16 41 1.000000 0.984736
16 42 1.000000 0.946700
16 43 1.000000 0.999969
16 44 1.000000 0.999970
16 45 1.000000 0.999999
16 46 1.000000 0.999999
17 18 1.000000 0.966744
17 19 1.000000 1.000000
17 20 1.000000 0.974529
17 21 1.000000 0.999997
17 22 1.000000 0.948775
17 23 1.000000 0.969227
17 24 1.000000 0.982304
17 25 1.000000 0.978092
17 26 1.000000 0.999998
17 27 1.000000 0.983957
17 28 1.000000 0.988694
17 29 1.000000 0.999995
17 30 1.000000 0.997779
17 31 1.000000 0.970451
17 32 1.000000 0.999999
17 33 1.000000 0.999997
17 34 1.000000 1.000000
17 35 1.000000 0.975316
17 36 1.000000 0.999610
17 37 1.000000 0.919122
17 38 1.000000 0.970809
17 39 1.000000 0.976258
17 40 1.000000 0.990677
17 41 1.000000 0.956154
17 42 1.000000 0.999959
17 43 1.000000 0.999997
17 44 1.000000 0.976413
17 45 1.000000 0.932520
17 46 1.000000 1.000000
18 19 1.000000 1.000000
18 20 1.000000 1.000000
18 21 1.000000 0.999986
18 22 1.000000 0.985013
18 23 1.000000 0.893716
18 24 1.000000 0.991077
18 25 1.000000 0.966888
18 26 1.000000 0.958818
18 27 1.000000 0.999997
18 28 1.000000 0.989343
18 29 1.000000 1.000000
18 30 1.000000 1.000000
18 31 1.000000 0.951320
18 32 1.000000 0.996882
18 33 1.000000 0.980988
18 34 1.000000 0.999999
18 35 1.000000 0.999996
18 36 1.000000 0.999987
18 37 1.000000 0.999980
18 38 1.000000 0.999996
18 39 1.000000 0.999998
18 40 1.000000 0.996438
18 41 1.000000 0.999975
18 42 1.000000 0.999998
18 43 1.000000 0.999998
18 44 1.000000 0.999989
18 45 1.000000 0.999986
18 46 1.000000 0.999995
19 20 1.000000 1.000000
19 21 1.000000 0.991007
19 22 1.000000 0.990971
19 23 1.000000 0.991174
19 24 1.000000 0.871852
19 25 1.000000 0.945233
19 26 1.000000 0.991358
19 27 1.000000 0.886955
19 28 1.000000 0.863836
19 29 1.000000 1.000000
19 30 1.000000 1.000000
19 31 1.000000 1.000000
19 32 1.000000 0.958512
19 33 1.000000 1.000000
19 34 1.000000 0.958772
19 35 1.000000 0.999998
19 36 1.000000 0.990627
19 37 1.000000 0.999998
19 38 1.000000 0.949762
19 39 1.000000 0.999996
19 40 1.000000 1.000000
19 41 1.000000 0.999999
19 42 1.000000 0.932640
19 43 1.000000 0.999986
19 44 1.000000 0.999998
19 45 1.000000 0.999994
19 46 1.000000 0.999998
20 21 1.000000 0.948330
20 22 1.000000 0.982646
20 23 1.000000 0.976914
20 24 1.000000 0.948151
20 25 1.000000 0.999992
20 26 1.000000 0.999996
20 27 1.000000 0.966483
20 28 1.000000 1.000000
20 29 1.000000 0.904592
20 30 1.000000 0.981043
20 31 1.000000 0.958083
20 32 1.000000 0.939367
20 33 1.000000 1.000000
20 34 1.000000 0.960557
20 35 1.000000 0.998403
20 36 1.000000 0.969246
20 37 1.000000 0.964241
20 38 1.000000 1.000000
20 39 1.000000 0.999999
20 40 1.000000 0.980649
20 41 1.000000 0.999997
20 42 1.000000 0.999993
20 43 1.000000 0.999997
20 44 1.000000 0.975961
20 45 1.000000 1.000000
20 46 1.000000 0.999993
21 22 1.000000 0.483312
21 23 1.000000 1.000000
21 24 1.000000 0.993438
21 25 1.000000 0.963696
21 26 1.000000 0.963945
21 27 1.000000 0.979586
21 28 1.000000 0.983822
21 29 1.000000 0.999998
21 30 1.000000 0.978004
21 31 1.000000 0.998697
21 32 1.000000 0.967172
21 33 1.000000 1.000000
21 34 1.000000 0.992625
21 35 1.000000 1.000000
21 36 1.000000 0.953824
21 37 1.000000 0.992869
21 38 1.000000 1.000000
21 39 1.000000 0.956814
21 40 1.000000 0.963353
21 41 1.000000 0.999994
21 42 1.000000 0.999989
21 43 1.000000 0.999997
21 44 1.000000 0.999999
21 45 1.000000 0.999995
21 46 1.000000 1.000000
22 23 1.000000 1.000000
22 24 1.000000 0.967925
22 25 1.000000 0.980001
22 26 1.000000 0.990774
22 27 1.000000 1.000000
22 28 1.000000 1.000000
22 29 1.000000 0.965541
22 30 1.000000 0.970123
22 31 1.000000 0.931185
22 32 1.000000 1.000000
22 33 1.000000 1.000000
22 34 1.000000 1.000000
22 35 1.000000 0.979170
22 36 1.000000 1.000000
22 37 1.000000 1.000000
22 38 1.000000 1.000000
22 39 1.000000 1.000000
22 40 1.000000 0.986367
22 41 1.000000 1.000000
22 42 1.000000 0.999989
22 43 1.000000 0.999999
22 44 1.000000 1.000000
22 45 1.000000 1.000000
22 46 1.000000 1.000000
23 24 1.000000 0.905802
23 25 1.000000 0.999975
23 26 1.000000 0.975268
23 27 1.000000 0.974732
23 28 1.000000 0.989100
23 29 1.000000 0.966772
23 30 1.000000 0.947231
23 31 1.000000 0.997444
23 32 1.000000 1.000000
23 33 1.000000 1.000000
23 34 1.000000 0.963257
23 35 1.000000 0.979464
23 36 1.000000 0.977890
23 37 1.000000 1.000000
23 38 1.000000 0.956914
23 39 1.000000 1.000000
23 40 1.000000 1.000000
23 41 1.000000 0.999994
23 42 1.000000 0.999994
23 43 1.000000 0.999991
23 44 1.000000 0.999999
23 45 1.000000 0.999998
23 46 1.000000 0.999997
24 25 1.000000 0.999095
24 26 1.000000 1.000000
24 27 1.000000 0.988263
24 28 1.000000 0.993285
24 29 1.000000 1.000000
24 30 1.000000 1.000000
24 31 1.000000 1.000000
24 32 1.000000 1.000000
24 33 1.000000 0.995376
24 34 1.000000 0.999998
24 35 1.000000 0.978284
24 36 1.000000 1.000000
24 37 1.000000 0.999997
24 38 1.000000 0.985477
24 39 1.000000 0.995767
24 40 1.000000 0.980506
24 41 1.000000 0.999992
24 42 1.000000 0.954796
24 43 1.000000 0.999997
24 44 1.000000 0.931774
24 45 1.000000 0.999981
24 46 1.000000 0.999997
25 26 1.000000 0.969094
25 27 1.000000 0.994201
25 28 1.000000 0.982809
25 29 1.000000 1.000000
25 30 1.000000 1.000000
25 31 1.000000 1.000000
25 32 1.000000 0.991453
25 33 1.000000 0.995732
25 34 1.000000 1.000000
25 35 1.000000 0.964893
25 36 1.000000 0.858198
25 37 1.000000 1.000000
25 38 1.000000 0.967911
25 39 1.000000 0.999998
25 40 1.000000 0.994618
25 41 1.000000 0.999981
25 42 1.000000 0.999999
25 43 1.000000 0.994778
25 44 1.000000 0.960383
25 45 1.000000 0.962254
25 46 1.000000 0.999277
26 27 1.000000 0.999955
26 28 1.000000 1.000000
26 29 1.000000 0.881021
26 30 1.000000 0.951428
26 31 1.000000 0.997281
26 32 1.000000 0.985230
26 33 1.000000 0.984245
26 34 1.000000 1.000000
26 35 1.000000 0.958884
26 36 1.000000 0.990894
26 37 1.000000 1.000000
26 38 1.000000 1.000000
26 39 1.000000 1.000000
26 40 1.000000 1.000000
26 41 1.000000 0.999999
26 42 1.000000 0.999977
26 43 1.000000 0.976449
26 44 1.000000 0.993704
26 45 1.000000 0.984313
26 46 1.000000 0.979158
27 28 1.000000 0.989595
27 29 1.000000 0.999998
27 30 1.000000 0.956859
27 31 1.000000 0.982134
27 32 1.000000 0.975137
27 33 1.000000 1.000000
27 34 1.000000 0.999999
27 35 1.000000 1.000000
27 36 1.000000 0.989008
27 37 1.000000 0.999999
27 38 1.000000 0.984782
27 39 1.000000 1.000000
27 40 1.000000 0.940460
27 41 1.000000 0.974493
27 42 1.000000 0.953827
27 43 1.000000 0.999999
27 44 1.000000 0.999999
27 45 1.000000 0.945740
27 46 1.000000 1.000000
28 29 1.000000 0.991679
28 30 1.000000 0.997972
28 31 1.000000 0.999999
28 32 1.000000 1.000000
28 33 1.000000 1.000000
28 34 1.000000 0.998114
28 35 1.000000 0.936115
28 36 1.000000 0.951559
28 37 1.000000 0.973135
28 38 1.000000 1.000000
28 39 1.000000 0.999998
28 40 1.000000 0.813507
28 41 1.000000 0.999984
28 42 1.000000 0.999994
28 43 1.000000 0.979485
28 44 1.000000 1.000000
28 45 1.000000 0.999998
28 46 1.000000 0.969872
29 30 1.000000 0.981697
29 31 1.000000 0.704415
29 32 1.000000 0.993957
29 33 1.000000 0.953247
29 34 1.000000 0.949982
29 35 1.000000 0.960950
29 36 1.000000 0.975675
29 37 1.000000 0.995004
29 38 1.000000 0.982104
29 39 1.000000 0.944134
29 40 1.000000 0.967736
29 41 1.000000 0.999993
29 42 1.000000 0.999997
29 43 1.000000 0.999994
29 44 1.000000 0.999997
29 45 1.000000 0.999993
29 46 1.000000 0.999999
30 31 1.000000 1.000000
30 32 1.000000 0.999996
30 33 1.000000 1.000000
30 34 1.000000 0.999994
30 35 1.000000 0.997611
30 36 1.000000 0.919233
30 37 1.000000 0.977490
30 38 1.000000 0.972752
30 39 1.000000 1.000000
30 40 1.000000 0.992898
30 41 1.000000 0.985948
30 42 1.000000 0.959922
30 43 1.000000 0.999989
30 44 1.000000 0.999987
30 45 1.000000 0.999987
30 46 1.000000 0.999986
31 32 1.000000 0.999996
31 33 1.000000 1.000000
31 34 1.000000 0.971672
31 35 1.000000 0.973883
31 36 1.000000 0.944198
31 37 1.000000 0.999996
31 38 1.000000 0.985809
31 39 1.000000 0.999994
31 40 1.000000 0.999988
31 41 1.000000 0.999998
31 42 1.000000 0.999991
31 43 1.000000 0.999982
31 44 1.000000 0.999995
31 45 1.000000 0.927213
31 46 1.000000 0.999994
32 33 1.000000 1.000000
32 34 1.000000 1.000000
32 35 1.000000 0.999998
32 36 1.000000 0.999998
32 37 1.000000 0.999999
32 38 1.000000 0.979202
32 39 1.000000 0.982039
32 40 1.000000 0.957147
32 41 1.000000 0.999984
32 42 1.000000 0.967133
32 43 1.000000 0.999992
32 44 1.000000 0.999997
32 45 1.000000 0.999998
32 46 1.000000 0.999996
33 34 1.000000 0.954032
33 35 1.000000 0.999998
33 36 1.000000 0.996055
33 37 1.000000 1.000000
33 38 1.000000 0.966031
33 39 1.000000 0.990773
33 40 1.000000 1.000000
33 41 1.000000 0.999991
33 42 1.000000 0.999991
33 43 1.000000 0.999992
33 44 1.000000 0.999994
33 45 1.000000 0.963257
33 46 1.000000 1.000000
34 35 1.000000 0.965483
34 36 1.000000 0.999997
34 37 1.000000 0.000000
34 38 1.000000 0.985235
34 39 1.000000 0.995940
34 40 1.000000 1.000000
34 41 1.000000 0.974987
34 42 1.000000 0.999998
34 43 1.000000 0.999999
34 44 1.000000 1.000000
34 45 1.000000 1.000000
34 46 1.000000 1.000000
35 36 1.000000 0.999998
35 37 1.000000 1.000000
35 38 1.000000 0.970657
35 39 1.000000 1.000000
35 40 1.000000 1.000000
35 41 1.000000 0.999998
35 42 1.000000 0.997483
35 43 1.000000 0.999997
35 44 1.000000 0.991602
35 45 1.000000 0.979835
35 46 1.000000 0.974020
36 37 1.000000 0.994865
36 38 1.000000 1.000000
36 39 1.000000 1.000000
36 40 1.000000 0.993097
36 41 1.000000 0.910645
36 42 1.000000 0.965099
36 43 1.000000 0.965380
36 44 1.000000 0.998651
36 45 1.000000 0.965502
36 46 1.000000 0.995353
37 38 1.000000 1.000000
37 39 1.000000 1.000000
37 40 1.000000 1.000000
37 41 1.000000 0.982070
37 42 1.000000 0.970984
37 43 1.000000 0.952190
37 44 1.000000 1.000000
37 45 1.000000 1.000000
37 46 1.000000 1.000000
38 39 1.000000 0.986551
38 40 1.000000 1.000000
38 41 1.000000 0.957338
38 42 1.000000 0.999998
38 43 1.000000 0.976631
38 44 1.000000 0.999998
38 45 1.000000 0.999997
38 46 1.000000 0.990643
39 40 1.000000 0.990017
39 41 1.000000 0.977366
39 42 1.000000 0.975712
39 43 1.000000 0.999442
39 44 1.000000 0.943948
39 45 1.000000 0.999999
39 46 1.000000 1.000000
40 41 1.000000 0.999991
40 42 1.000000 1.000000
40 43 1.000000 0.958159
40 44 1.000000 0.994558
40 45 1.000000 0.982539
40 46 1.000000 1.000000
41 42 1.000000 0.989997
41 43 1.000000 0.999950
41 44 1.000000 0.971671
41 45 1.000000 0.969590
41 46 1.000000 0.999996
42 43 1.000000 0.883439
42 44 1.000000 0.999995
42 45 1.000000 0.973890
42 46 1.000000 0.911876
43 44 1.000000 1.000000
43 45 1.000000 1.000000
43 46 1.000000 0.995224
44 45 1.000000 1.000000
44 46 1.000000 1.000000
45 46 1.000000 1.000000
