0.998018 0.005804 0.062658 -0.006665 0.999886 0.013530 -0.062572 -0.013921 0.997943
0.994779 0.008009 0.101734 -0.009085 0.999908 0.010119 -0.101644 -0.010990 0.994760
0.992015 0.010032 0.125723 -0.011839 0.999837 0.013635 -0.125566 -0.015015 0.991972
0.984679 0.011469 0.173998 -0.014218 0.999793 0.014561 -0.173795 -0.016812 0.984638
0.976496 0.022012 0.214411 -0.024999 0.999624 0.011231 -0.214083 -0.016327 0.976679
0.967180 0.014427 0.253684 -0.019408 0.999665 0.017143 -0.253351 -0.021504 0.967135
0.959304 0.017921 0.281806 -0.019967 0.999791 0.004390 -0.281669 -0.009838 0.959461
0.943746 0.000875 0.330670 -0.015104 0.999067 0.040463 -0.330326 -0.043181 0.942879
0.930090 0.010468 0.367183 -0.014915 0.999846 0.009276 -0.367029 -0.014104 0.930102
0.834610 -0.023112 0.550356 -0.025896 0.996368 0.081114 -0.550232 -0.081950 0.830981
0.915698 0.008840 0.401770 -0.020055 0.999517 0.023718 -0.401367 -0.029776 0.915433
0.732890 -0.007969 0.680301 -0.014068 0.999540 0.026864 -0.680202 -0.029259 0.732441
0.875789 -0.012943 0.482520 -0.010031 0.998937 0.045002 -0.482590 -0.044253 0.874728
0.668836 0.006117 0.743385 -0.022037 0.999690 0.011601 -0.743084 -0.024141 0.668763
0.834691 0.035526 0.549571 -0.041584 0.999134 -0.001429 -0.549146 -0.021661 0.835446
0.513194 -0.038641 0.857402 -0.083501 0.991999 0.094686 -0.854201 -0.120186 0.505862
0.464205 -0.033124 0.885108 -0.061204 0.995712 0.069362 -0.883611 -0.086370 0.460187
0.435541 -0.040559 0.899255 -0.068130 0.994634 0.077859 -0.897587 -0.095177 0.430440
0.712472 0.006590 0.701669 -0.039442 0.998751 0.030669 -0.700591 -0.049526 0.711843
0.678027 -0.004352 0.735024 -0.051363 0.997257 0.053285 -0.733240 -0.073882 0.675944
0.029891 -0.119038 0.992440 -0.231649 0.965027 0.122727 -0.972340 -0.233566 0.001271
0.581583 -0.001111 0.813486 -0.052402 0.997871 0.038827 -0.811797 -0.065210 0.580287
0.554338 -0.008373 0.832249 -0.037557 0.998679 0.035064 -0.831444 -0.050694 0.553292
0.589508 -0.008125 0.807722 -0.047243 0.997891 0.044518 -0.806380 -0.064403 0.587881
0.595747 -0.011114 0.803095 -0.045692 0.997816 0.047704 -0.801872 -0.065115 0.593938
0.568773 -0.028307 0.822008 -0.041113 0.997180 0.062786 -0.821467 -0.069506 0.566005
0.527905 -0.026438 0.848892 -0.045338 0.997213 0.059252 -0.848093 -0.069767 0.525235
-0.771998 -0.208913 0.600312 -0.258927 0.965892 0.003159 -0.580496 -0.152998 -0.799760
0.566136 -0.032817 0.823658 -0.042529 0.996714 0.068944 -0.823214 -0.074061 0.562880
0.560865 -0.034772 0.827176 -0.016597 0.998445 0.053225 -0.827741 -0.043581 0.559416
0.998346 -0.001595 0.057465 0.000843 0.999914 0.013112 -0.057481 -0.013042 0.998261
0.994666 -0.004558 0.103047 0.003075 0.999889 0.014551 -0.103102 -0.014157 0.994570
0.990614 0.003715 0.136642 -0.005550 0.999899 0.013046 -0.136580 -0.013682 0.990535
0.982740 0.008230 0.184809 -0.011424 0.999803 0.016224 -0.184639 -0.018055 0.982641
0.977120 0.005727 0.212614 -0.009890 0.999780 0.018523 -0.212461 -0.020202 0.976961
0.970374 0.010259 0.241391 -0.012163 0.999906 0.006395 -0.241303 -0.009142 0.970407
0.960779 0.003082 0.277299 -0.009331 0.999731 0.021217 -0.277159 -0.022973 0.960549
0.872077 -0.020636 0.488933 -0.009109 0.998253 0.058380 -0.489284 -0.055366 0.870365
0.942674 0.006675 0.333649 -0.012913 0.999781 0.016482 -0.333466 -0.019845 0.942553
0.927825 0.014278 0.372742 -0.019235 0.999769 0.009581 -0.372519 -0.016059 0.927885
0.907684 -0.008671 0.419565 -0.006673 0.999362 0.035091 -0.419601 -0.034651 0.907047
0.718130 -0.029628 0.695278 -0.044467 0.995098 0.088333 -0.694487 -0.094351 0.713292
0.879291 0.013683 0.476088 -0.017948 0.999829 0.004414 -0.475946 -0.012426 0.879387
0.670355 0.011699 0.741949 -0.002351 0.999904 -0.013643 -0.742037 0.007401 0.670318
0.841644 0.002173 0.540029 -0.023136 0.999219 0.032037 -0.539537 -0.039458 0.841037
0.810646 0.000456 0.585536 -0.025108 0.999107 0.033983 -0.584998 -0.042250 0.809934
0.776115 -0.010322 0.630506 -0.020045 0.998957 0.041028 -0.630272 -0.044481 0.775099
0.747927 0.012525 0.663663 -0.035236 0.999161 0.020853 -0.662845 -0.038981 0.747741
0.703487 -0.015289 0.710544 -0.035682 0.997748 0.056797 -0.709812 -0.065309 0.701357
0.073570 -0.014957 0.997178 -0.083147 0.996314 0.021079 -0.993818 -0.084463 0.072055
0.635404 -0.001748 0.772178 -0.041724 0.998459 0.036594 -0.771052 -0.055470 0.634352
0.599036 -0.010348 0.800656 -0.030936 0.998871 0.036056 -0.800125 -0.046369 0.598039
0.615792 -0.018618 0.787689 -0.037377 0.997905 0.052808 -0.787021 -0.061960 0.613806
0.631939 -0.009297 0.774963 -0.036255 0.998479 0.041542 -0.774170 -0.054348 0.630640
0.602597 -0.025569 0.797636 -0.036031 0.997596 0.059199 -0.797232 -0.064412 0.600227
0.576666 -0.009497 0.816925 -0.044714 0.998067 0.043166 -0.815755 -0.061420 0.575127
0.561773 -0.042379 0.826206 -0.032641 0.996774 0.073322 -0.826647 -0.068159 0.558577
0.607639 -0.028714 0.793694 -0.037730 0.997174 0.064961 -0.793317 -0.069419 0.604838
0.604294 -0.013145 0.796653 -0.016689 0.999436 0.029151 -0.796586 -0.030911 0.603734
0.573151 0.004428 0.819438 -0.037691 0.999070 0.020963 -0.818582 -0.042900 0.572785
0.998502 -0.000278 0.054707 -0.000283 0.999947 0.010257 -0.054707 -0.010257 0.998450
0.997245 0.010671 0.073400 -0.010243 0.999928 -0.006201 -0.073461 0.005432 0.997283
0.992206 0.011624 0.124068 -0.012582 0.999897 0.006939 -0.123975 -0.008446 0.992249
0.989152 0.004313 0.146834 -0.006418 0.999883 0.013865 -0.146757 -0.014657 0.989064
0.982251 0.000892 0.187570 -0.003796 0.999878 0.015124 -0.187533 -0.015568 0.982135
0.975993 0.002067 0.217792 -0.006597 0.999777 0.020074 -0.217702 -0.021029 0.975789
0.965410 -0.004198 0.260704 0.002662 0.999977 0.006246 -0.260724 -0.005336 0.965399
0.954282 -0.002578 0.298895 -0.003448 0.999801 0.019634 -0.298887 -0.019768 0.954084
0.948301 0.019844 0.316750 -0.019843 0.999798 -0.003229 -0.316750 -0.003224 0.948504
0.933027 0.007235 0.359733 -0.012300 0.999855 0.011794 -0.359595 -0.015429 0.932981
0.920856 0.009065 0.389798 -0.013454 0.999873 0.008531 -0.389671 -0.013100 0.920861
0.901517 0.002146 0.432738 -0.010099 0.999820 0.016080 -0.432626 -0.018867 0.901376
0.725642 0.014765 0.687914 -0.034066 0.999315 0.014485 -0.687228 -0.033946 0.725648
0.861160 0.006639 0.508290 -0.020568 0.999551 0.021793 -0.507917 -0.029222 0.860910
0.598347 0.012500 0.801139 -0.016091 0.999864 -0.003582 -0.801075 -0.010748 0.598467
0.541912 -0.032275 0.839815 -0.065732 0.994574 0.080638 -0.837861 -0.098902 0.536850
0.446744 0.006442 0.894639 -0.057742 0.998097 0.021647 -0.892797 -0.061328 0.446266
0.255432 -0.064464 0.964675 -0.157049 0.981757 0.107190 -0.953986 -0.178881 0.240648
0.731268 -0.003040 0.682083 -0.036169 0.998410 0.043226 -0.681131 -0.056280 0.729996
-0.007095 -0.014438 0.999871 -0.099456 0.994948 0.013662 -0.995017 -0.099347 -0.008495
0.641293 -0.023709 0.766930 -0.019169 0.998716 0.046903 -0.767056 -0.044779 0.640015
0.663971 0.003917 0.747748 -0.042990 0.998532 0.032942 -0.746521 -0.054019 0.663165
0.683363 0.018248 0.729851 -0.046462 0.998748 0.018532 -0.728599 -0.046574 0.683355
0.652140 0.004948 0.758083 -0.042235 0.998663 0.029815 -0.756921 -0.051461 0.651477
-0.506906 -0.117066 0.854015 -0.200404 0.979593 0.015329 -0.838382 -0.163378 -0.520022
0.609732 -0.037461 0.791722 -0.025578 0.997432 0.066893 -0.792195 -0.061037 0.607208
0.642125 -0.026723 0.766134 -0.027618 0.997937 0.057955 -0.766102 -0.058374 0.640063
0.633798 0.008339 0.773454 -0.018997 0.999808 0.004787 -0.773265 -0.017728 0.633835
0.610055 0.027127 0.791894 -0.047195 0.998883 0.002141 -0.790952 -0.038679 0.610654
0.594954 -0.000512 0.803759 -0.039996 0.998742 0.030241 -0.802764 -0.050139 0.594185
0.999213 0.006198 0.039181 -0.006166 0.999981 -0.000934 -0.039186 0.000692 0.999232
0.996570 0.014855 0.081415 -0.015009 0.999887 0.001274 -0.081387 -0.002492 0.996679
0.992975 0.014663 0.117410 -0.014256 0.999889 -0.004308 -0.117460 0.002604 0.993074
0.987090 0.007432 0.159995 -0.007760 0.999969 0.001424 -0.159980 -0.002647 0.987117
0.951523 0.006360 0.307511 -0.011949 0.999796 0.016297 -0.307344 -0.019181 0.951405
0.972330 -0.002151 0.233601 0.000096 0.999961 0.008807 -0.233610 -0.008541 0.972293
0.960607 -0.005107 0.277865 -0.000707 0.999783 0.020822 -0.277911 -0.020198 0.960395
0.866659 0.000157 0.498901 -0.027675 0.998475 0.047762 -0.498133 -0.055201 0.865342
0.945760 -0.001493 0.324862 -0.006189 0.999725 0.022611 -0.324806 -0.023395 0.945491
0.930441 -0.006010 0.366392 -0.004295 0.999618 0.027305 -0.366416 -0.026979 0.930060
0.922601 0.009514 0.385637 -0.011410 0.999931 0.002628 -0.385586 -0.006825 0.922647
0.899714 0.011809 0.436319 -0.020354 0.999682 0.014915 -0.436004 -0.022299 0.899668
0.657094 -0.000543 0.753808 -0.048615 0.997887 0.043097 -0.752239 -0.064965 0.655679
0.861197 0.030818 0.507336 -0.040235 0.999161 0.007606 -0.506676 -0.026963 0.861715
0.835797 -0.003884 0.549025 -0.015964 0.999380 0.031372 -0.548807 -0.034985 0.835217
0.805221 0.014600 0.592795 -0.029010 0.999470 0.014790 -0.592265 -0.029107 0.805218
0.782663 0.011044 0.622348 -0.042549 0.998453 0.035792 -0.620990 -0.054494 0.781922
0.754013 0.000942 0.656858 -0.038134 0.998375 0.042343 -0.655751 -0.056976 0.752824
0.689304 -0.026674 0.723981 -0.024957 0.997855 0.060526 -0.724042 -0.059789 0.687160
0.675170 -0.050356 0.735941 -0.000446 0.997639 0.068672 -0.737662 -0.046693 0.673554
0.688678 0.003362 0.725060 -0.038648 0.998738 0.032077 -0.724037 -0.050113 0.687939
0.701652 0.023953 0.712117 -0.048057 0.998750 0.013756 -0.710897 -0.043874 0.701926
0.665891 0.001101 0.746048 -0.039552 0.998645 0.033829 -0.744999 -0.052034 0.665032
0.645986 0.005516 0.763330 -0.046204 0.998423 0.031886 -0.761950 -0.055867 0.645222
0.635920 -0.000088 0.771755 -0.051498 0.997766 0.042548 -0.770035 -0.066801 0.634495
0.669833 -0.014392 0.742372 -0.032837 0.998260 0.048981 -0.741785 -0.057186 0.668195
0.665958 0.005271 0.745971 -0.022909 0.999648 0.013388 -0.745637 -0.026005 0.665844
0.642447 -0.008816 0.766279 -0.027509 0.999024 0.034557 -0.765836 -0.043280 0.641577
0.626151 -0.014262 0.779571 -0.030874 0.998595 0.043066 -0.779090 -0.051034 0.624831
0.639623 0.014421 0.768553 -0.018510 0.999823 -0.003356 -0.768466 -0.012079 0.639777
0.998977 0.003666 0.045068 -0.003970 0.999970 0.006637 -0.045043 -0.006809 0.998962
0.996940 -0.002164 0.078135 0.001191 0.999921 0.012497 -0.078156 -0.012366 0.996864
0.994119 -0.000149 0.108296 -0.000319 0.999991 0.004302 -0.108295 -0.004311 0.994109
0.989359 0.000496 0.145496 -0.002722 0.999882 0.015102 -0.145472 -0.015337 0.989244
0.982555 -0.016032 0.185278 0.013544 0.999800 0.014687 -0.185476 -0.011921 0.982576
0.975281 -0.021560 0.219915 0.014444 0.999320 0.033912 -0.220496 -0.029898 0.974930
0.968200 -0.005379 0.250118 0.001088 0.999850 0.017291 -0.250174 -0.016469 0.968061
0.872286 -0.009147 0.488911 -0.017667 0.998583 0.050203 -0.488677 -0.052429 0.870888
0.948405 -0.025089 0.316066 0.014617 0.999264 0.035460 -0.316724 -0.029011 0.948074
0.933973 -0.013506 0.357089 0.006302 0.999753 0.021330 -0.357289 -0.017671 0.933827
0.921889 0.018291 0.387022 -0.019476 0.999810 -0.000860 -0.386964 -0.006745 0.922070
0.687246 0.018207 0.726197 -0.010121 0.999829 -0.015489 -0.726355 0.003295 0.687312
0.877147 -0.010904 0.480098 -0.008735 0.999214 0.038654 -0.480142 -0.038099 0.876363
0.861620 -0.002844 0.507546 -0.011631 0.999611 0.025345 -0.507421 -0.027741 0.861252
0.545608 0.032214 0.837421 -0.031886 0.999335 -0.017668 -0.837434 -0.017063 0.546272
0.807767 0.020337 0.589152 -0.039450 0.999029 0.019603 -0.588181 -0.039077 0.807785
0.775667 0.003638 0.631131 -0.031816 0.998937 0.033344 -0.630339 -0.045944 0.774959
0.729683 -0.033749 0.682952 -0.009413 0.998191 0.059384 -0.683721 -0.049760 0.728045
0.699538 -0.025989 0.714123 -0.011742 0.998785 0.047851 -0.714499 -0.041859 0.698383
0.721522 -0.009792 0.692322 -0.026496 0.998777 0.041740 -0.691884 -0.048461 0.720381
0.729430 -0.003935 0.684044 -0.029061 0.998902 0.036735 -0.683437 -0.046675 0.728515
0.701253 -0.014506 0.712764 -0.025655 0.998632 0.045565 -0.712450 -0.050239 0.699922
0.672874 0.002006 0.739754 -0.033412 0.999058 0.027682 -0.739002 -0.043343 0.672308
0.667061 -0.006913 0.744971 -0.034016 0.998631 0.039725 -0.744227 -0.051840 0.665912
0.693731 -0.044473 0.718860 -0.014491 0.997028 0.075667 -0.720088 -0.062910 0.691025
0.694729 -0.026908 0.718768 0.001455 0.999351 0.036006 -0.719270 -0.023968 0.694317
0.662685 -0.011193 0.748814 -0.018085 0.999358 0.030943 -0.748680 -0.034048 0.662057
0.650850 0.001863 0.759204 -0.030688 0.999244 0.023856 -0.758586 -0.038825 0.650415
0.674208 0.002842 0.738536 -0.005366 0.999985 0.001051 -0.738522 -0.004672 0.674213
0.684451 0.029694 0.728454 -0.037011 0.999297 -0.005959 -0.728118 -0.022882 0.685069
0.999487 -0.004623 0.031678 0.004576 0.999988 0.001572 -0.031685 -0.001427 0.999497
0.997574 -0.003255 0.069536 0.003391 0.999993 -0.001834 -0.069529 0.002065 0.997578
0.993480 -0.008297 0.113700 0.006658 0.999868 0.014792 -0.113808 -0.013939 0.993405
0.989237 -0.011061 0.145907 0.011399 0.999934 -0.001484 -0.145881 0.003132 0.989297
0.984376 -0.018213 0.175138 0.015163 0.999709 0.018735 -0.175428 -0.015787 0.984366
0.975894 -0.024729 0.216839 0.019008 0.999415 0.028428 -0.217416 -0.023621 0.975793
0.968600 -0.003329 0.248603 0.002162 0.999985 0.004970 -0.248616 -0.004276 0.968593
0.962138 -0.019116 0.271892 0.013628 0.999664 0.022062 -0.272222 -0.017521 0.962075
0.949252 -0.012192 0.314279 0.008585 0.999880 0.012859 -0.314398 -0.009509 0.949244
0.934244 -0.006865 0.356569 0.000549 0.999841 0.017812 -0.356635 -0.016445 0.934099
0.747181 0.005774 0.664595 -0.029032 0.999291 0.023958 -0.663986 -0.037195 0.746819
0.726910 0.003303 0.686725 -0.035041 0.998864 0.032287 -0.685838 -0.047533 0.726200
0.880560 0.007088 0.473881 -0.012687 0.999882 0.008619 -0.473764 -0.013601 0.880547
0.579316 -0.009911 0.815043 -0.053397 0.997317 0.050081 -0.813352 -0.072534 0.577232
0.826390 -0.005085 0.563076 -0.018756 0.999156 0.036549 -0.562786 -0.040765 0.825597
0.802622 0.019575 0.596167 -0.036566 0.999196 0.016419 -0.595367 -0.034978 0.802692
0.755323 -0.006566 0.655320 -0.021819 0.999144 0.035159 -0.654989 -0.040855 0.754533
0.732880 -0.021674 0.680012 -0.004213 0.999329 0.036392 -0.680344 -0.029536 0.732297
0.752362 0.018994 0.658476 -0.036798 0.999235 0.013221 -0.657721 -0.034178 0.752486
0.759799 0.014950 0.649986 -0.034038 0.999279 0.016804 -0.649266 -0.034892 0.759761
0.733434 0.000214 0.679761 -0.028201 0.999149 0.030114 -0.679175 -0.041257 0.732816
0.700576 -0.012206 0.713473 -0.024014 0.998884 0.040669 -0.713173 -0.045625 0.699501
0.700201 -0.006219 0.713919 -0.027076 0.999011 0.035258 -0.713432 -0.044018 0.699340
0.722451 -0.009398 0.691358 -0.022807 0.999040 0.037413 -0.691045 -0.042797 0.721543
0.727422 -0.013342 0.686060 0.000801 0.999827 0.018595 -0.686190 -0.012977 0.727307
0.698559 0.001108 0.715552 -0.016434 0.999760 0.014495 -0.715364 -0.021885 0.698409
0.685322 0.010606 0.728163 -0.032535 0.999341 0.016064 -0.727513 -0.034700 0.685216
0.698893 0.028929 0.714641 -0.017613 0.999575 -0.023238 -0.715009 0.003654 0.699105
0.714527 0.017227 0.699396 -0.024964 0.999688 0.000881 -0.699162 -0.018089 0.714734
0.690068 0.030288 0.723111 -0.025460 0.999521 -0.017569 -0.723297 -0.006286 0.690509
0.999236 -0.004469 0.038819 0.004410 0.999989 0.001617 -0.038826 -0.001444 0.999245
0.997328 -0.009861 0.072383 0.008740 0.999837 0.015777 -0.072526 -0.015102 0.997252
0.991866 -0.014516 0.126457 0.013666 0.999878 0.007584 -0.126552 -0.005794 0.991943
0.988964 -0.011121 0.147739 0.009411 0.999880 0.012268 -0.147857 -0.010743 0.988950
0.983924 -0.001881 0.178580 0.000552 0.999972 0.007493 -0.178589 -0.007274 0.983897
0.977706 -0.007818 0.209833 0.005221 0.999903 0.012926 -0.209913 -0.011542 0.977652
0.966694 -0.007248 0.255833 0.004299 0.999918 0.012085 -0.255900 -0.010582 0.966645
0.957310 -0.011432 0.288838 0.008427 0.999897 0.011646 -0.288941 -0.008715 0.957307
0.942177 -0.010489 0.334952 0.001802 0.999654 0.026235 -0.335111 -0.024114 0.941870
0.925682 -0.010398 0.378159 -0.000243 0.999606 0.028081 -0.378302 -0.026086 0.925315
0.910178 -0.007262 0.414155 -0.006632 0.999463 0.032099 -0.414165 -0.031962 0.909640
0.896633 -0.004637 0.442750 -0.006216 0.999715 0.023059 -0.442731 -0.023427 0.896349
0.875294 -0.000660 0.483590 -0.011959 0.999664 0.023009 -0.483443 -0.025922 0.874992
0.852760 0.007835 0.522244 -0.027136 0.999202 0.029319 -0.521597 -0.039173 0.852292
0.823366 0.004350 0.567494 -0.028179 0.999051 0.033225 -0.566810 -0.043348 0.822707
0.784980 0.003453 0.619512 -0.026242 0.999272 0.027681 -0.618966 -0.037986 0.784499
0.750780 0.006481 0.660520 -0.024209 0.999550 0.017710 -0.660108 -0.029287 0.750599
0.765974 -0.005101 0.642851 -0.025672 0.998928 0.038516 -0.642359 -0.046006 0.765022
0.776869 0.028194 0.629031 -0.042289 0.999078 0.007448 -0.628240 -0.032387 0.777345
0.755862 0.005981 0.654704 -0.031419 0.999138 0.027146 -0.653977 -0.041089 0.755398
0.738913 0.012837 0.673678 -0.034734 0.999215 0.019058 -0.672905 -0.037482 0.738779
0.725736 0.000900 0.687972 -0.036439 0.998646 0.037133 -0.687007 -0.052018 0.724786
0.750769 -0.005059 0.660546 -0.025506 0.999003 0.036640 -0.660073 -0.044356 0.749891
0.749139 -0.004089 0.662401 -0.004116 0.999933 0.010828 -0.662400 -0.010838 0.749072
0.717450 0.003796 0.696600 -0.016796 0.999789 0.011851 -0.696408 -0.020202 0.717362
0.708938 0.017163 0.705062 -0.030886 0.999500 0.006726 -0.704594 -0.026545 0.709114
0.724868 0.021248 0.688560 -0.012082 0.999763 -0.018132 -0.688782 0.004825 0.724952
0.739188 0.013352 0.673367 -0.025753 0.999633 0.008448 -0.673007 -0.023586 0.739260
0.714041 0.037106 0.699120 -0.034406 0.999248 -0.017895 -0.699258 -0.011277 0.714780
0.685571 0.012432 0.727900 -0.035115 0.999255 0.016007 -0.727158 -0.036534 0.685497
0.999427 -0.005371 0.033420 0.004902 0.999888 0.014110 -0.033492 -0.013938 0.999342
0.996836 -0.014381 0.078176 0.014059 0.999890 0.004664 -0.078234 -0.003550 0.996929
0.994750 -0.008047 0.102022 0.006899 0.999909 0.011602 -0.102106 -0.010838 0.994714
0.990572 -0.005222 0.136890 0.003729 0.999931 0.011164 -0.136939 -0.010549 0.990523
0.983175 -0.007282 0.182520 0.004798 0.999890 0.014048 -0.182602 -0.012936 0.983102
0.978251 -0.006592 0.207320 0.003294 0.999863 0.016250 -0.207399 -0.015214 0.978138
0.968032 -0.004983 0.250778 0.002835 0.999956 0.008928 -0.250812 -0.007932 0.968003
0.957226 -0.003972 0.289316 -0.001357 0.999833 0.018214 -0.289340 -0.017827 0.957060
0.943200 0.002742 0.332215 -0.008698 0.999827 0.016443 -0.332113 -0.018399 0.943060
0.928300 -0.003048 0.371819 -0.008830 0.999504 0.030239 -0.371727 -0.031354 0.927812
0.915102 0.021985 0.402622 -0.025300 0.999676 0.002916 -0.402427 -0.012855 0.915362
0.895530 0.013037 0.444809 -0.021401 0.999676 0.013787 -0.444486 -0.021866 0.895519
0.865805 0.022922 0.499857 -0.037933 0.999082 0.019888 -0.498942 -0.036180 0.865880
0.842496 0.025348 0.538106 -0.044954 0.998716 0.023338 -0.536824 -0.043852 0.842554
0.800921 0.008792 0.598706 -0.030263 0.999209 0.025811 -0.598005 -0.038792 0.800553
0.771701 0.009390 0.635916 -0.025563 0.999541 0.016263 -0.635471 -0.028806 0.771587
0.790923 0.002032 0.611913 -0.028559 0.999027 0.033597 -0.611249 -0.044048 0.790211
0.802896 0.010569 0.596025 -0.032756 0.999114 0.026409 -0.595218 -0.040728 0.802532
0.778700 0.034116 0.626468 -0.049913 0.998724 0.007654 -0.625407 -0.037229 0.779410
0.745843 0.006907 0.666085 -0.035931 0.998908 0.029874 -0.665151 -0.046215 0.745277
0.751028 -0.000347 0.660270 -0.030890 0.998886 0.035661 -0.659547 -0.047178 0.750181
0.773784 -0.003824 0.633438 -0.024664 0.999042 0.036160 -0.632969 -0.043603 0.772949
0.771781 0.004858 0.635870 -0.012071 0.999903 0.007012 -0.635774 -0.013088 0.771764
0.744578 -0.006301 0.667506 -0.018008 0.999402 0.029521 -0.667293 -0.034001 0.744019
0.736113 0.005964 0.676832 -0.034434 0.998996 0.028647 -0.675982 -0.044394 0.735580
0.751154 0.016366 0.659925 -0.013944 0.999863 -0.008925 -0.659980 -0.002498 0.751279
0.764153 0.045037 0.643461 -0.045167 0.998847 -0.016272 -0.643452 -0.016629 0.765306
0.737347 0.030959 0.674804 -0.034433 0.999373 -0.008225 -0.674636 -0.017171 0.737951
0.716114 0.037051 0.696999 -0.050713 0.998713 -0.000986 -0.696139 -0.034640 0.717071
0.730417 0.038119 0.681937 -0.047161 0.998873 -0.005321 -0.681371 -0.028274 0.731392
0.999150 -0.002487 0.041158 0.003069 0.999896 -0.014102 -0.041119 0.014217 0.999053
0.997729 -0.001736 0.067331 0.001718 0.999998 0.000334 -0.067332 -0.000218 0.997731
0.994305 0.000825 0.106571 -0.000846 1.000000 0.000148 -0.106570 -0.000237 0.994305
0.991047 -0.000582 0.133514 0.000503 1.000000 0.000628 -0.133514 -0.000556 0.991047
0.984059 -0.003084 0.177818 0.002521 0.999991 0.003392 -0.177827 -0.002889 0.984058
0.976527 0.004716 0.215343 -0.003016 0.999962 -0.008224 -0.215373 0.007381 0.976504
0.964573 0.008555 0.263677 -0.008920 0.999960 0.000187 -0.263664 -0.002532 0.964611
0.953052 0.007774 0.302708 -0.010437 0.999920 0.007181 -0.302628 -0.010003 0.953056
0.944500 0.016524 0.328097 -0.021273 0.999714 0.010892 -0.327823 -0.017267 0.944581
0.930358 0.012942 0.366424 -0.015925 0.999860 0.005120 -0.366306 -0.010599 0.930434
0.905554 0.042421 0.422104 -0.038883 0.999099 -0.016993 -0.422445 -0.001025 0.906388
0.886923 0.038348 0.460323 -0.045056 0.998978 0.003590 -0.459715 -0.023924 0.887744
0.862670 0.028510 0.504963 -0.042625 0.998956 0.016419 -0.503968 -0.035688 0.862985
0.820713 0.027326 0.570687 -0.040530 0.999124 0.010446 -0.569901 -0.031703 0.821101
0.799390 0.029605 0.600082 -0.033184 0.999436 -0.005101 -0.599895 -0.015836 0.799922
0.808200 0.016600 0.588674 -0.036346 0.999103 0.021725 -0.587786 -0.038954 0.808078
0.820765 0.040902 0.569800 -0.049461 0.998776 -0.000449 -0.569121 -0.027815 0.821783
0.801876 0.028350 0.596817 -0.043055 0.999019 0.010392 -0.595937 -0.034029 0.802310
0.775465 0.032664 0.630545 -0.045648 0.998948 0.004391 -0.629738 -0.032188 0.776141
0.772513 0.028582 0.634355 -0.045411 0.998915 0.010293 -0.633373 -0.036759 0.772973
0.794893 0.009746 0.606671 -0.031235 0.999203 0.024874 -0.605945 -0.038722 0.794564
0.784640 0.016484 0.619732 -0.017855 0.999833 -0.003989 -0.619694 -0.007935 0.784803
0.775591 0.034029 0.630318 -0.033962 0.999349 -0.012162 -0.630322 -0.011974 0.776242
0.753559 0.021321 0.657035 -0.038023 0.999214 0.011185 -0.656280 -0.033411 0.753777
0.769825 0.050787 0.636231 -0.031438 0.998636 -0.041677 -0.637480 0.012082 0.770372
0.785324 0.046216 0.617357 -0.046013 0.998809 -0.016241 -0.617372 -0.015652 0.786515
0.767579 0.049937 0.639006 -0.036147 0.998746 -0.034630 -0.639934 0.003483 0.768422
0.728424 0.035248 0.684219 -0.044875 0.998986 -0.003690 -0.683656 -0.028016 0.729267
0.751826 0.022303 0.658984 -0.038126 0.999226 0.009678 -0.658259 -0.032400 0.752094
0.787957 0.052757 0.613467 -0.060037 0.998158 -0.008726 -0.612797 -0.029955 0.789672
0.999490 -0.000815 0.031935 0.000381 0.999907 0.013609 -0.031943 -0.013590 0.999397
0.997572 0.008388 0.069139 -0.009120 0.999906 0.010278 -0.069047 -0.010883 0.997554
0.995005 0.003380 0.099766 -0.004742 0.999899 0.013422 -0.099710 -0.013828 0.994920
0.990984 0.001159 0.133973 -0.003179 0.999884 0.014862 -0.133940 -0.015154 0.990874
0.984343 0.004778 0.176197 -0.006194 0.999953 0.007490 -0.176153 -0.008464 0.984326
0.974006 0.010463 0.226280 -0.014674 0.999749 0.016936 -0.226046 -0.019817 0.973915
0.965085 0.005346 0.261884 -0.011690 0.999675 0.022671 -0.261678 -0.024941 0.964833
0.955847 0.012567 0.293595 -0.020250 0.999527 0.023144 -0.293165 -0.028067 0.955650
0.943746 0.012189 0.330445 -0.019764 0.999613 0.019572 -0.330079 -0.025001 0.943622
0.923575 0.028813 0.382335 -0.035368 0.999323 0.010125 -0.381784 -0.022874 0.923968
0.896528 0.030072 0.441965 -0.044816 0.998732 0.022952 -0.440714 -0.040384 0.896739
0.877498 0.050273 0.476939 -0.062408 0.998004 0.009624 -0.475503 -0.038210 0.878884
0.844585 0.020191 0.535040 -0.040089 0.998868 0.025587 -0.533918 -0.043059 0.844439
0.825390 0.026245 0.563953 -0.037302 0.999271 0.008090 -0.563329 -0.027714 0.825767
0.832154 0.020321 0.554173 -0.045784 0.998434 0.032138 -0.552652 -0.052116 0.831781
0.845245 0.036409 0.533137 -0.054532 0.998345 0.018277 -0.531589 -0.044521 0.845831
0.826557 0.037349 0.561612 -0.055292 0.998358 0.014984 -0.560130 -0.043438 0.827265
0.801578 0.025790 0.597333 -0.048519 0.998580 0.021995 -0.595918 -0.046612 0.801692
0.796074 0.014091 0.605036 -0.043849 0.998444 0.034440 -0.603609 -0.053947 0.795453
0.810034 0.006859 0.586343 -0.039272 0.998321 0.042575 -0.585066 -0.057514 0.808943
0.814659 0.020826 0.579566 -0.028762 0.999576 0.004510 -0.579227 -0.020344 0.814913
0.793404 0.027566 0.608070 -0.036498 0.999331 0.002319 -0.607600 -0.024033 0.793880
0.778256 0.025332 0.627437 -0.049715 0.998535 0.021350 -0.625977 -0.047808 0.778375
0.796671 0.045548 0.602695 -0.034576 0.998958 -0.029791 -0.603424 0.002895 0.797415
0.809713 0.054415 0.584298 -0.054417 0.998364 -0.017566 -0.584298 -0.017572 0.811349
0.785705 0.031480 0.617800 -0.037774 0.999282 -0.002879 -0.617447 -0.021075 0.786330
0.761029 0.016337 0.648512 -0.039354 0.999004 0.021014 -0.647523 -0.041514 0.760914
0.774880 0.036371 0.631061 -0.052533 0.998595 0.006951 -0.629921 -0.038538 0.775702
0.815614 0.041217 0.577127 -0.055214 0.998452 0.006723 -0.575956 -0.037349 0.816627
0.780756 0.030749 0.624079 -0.056440 0.998176 0.021428 -0.622282 -0.051953 0.781067
0.999289 0.008243 0.036793 -0.008156 0.999964 -0.002506 -0.036813 0.002204 0.999320
0.996870 0.003540 0.078974 -0.003589 0.999993 0.000472 -0.078971 -0.000754 0.996877
0.995316 0.002282 0.096648 -0.002539 0.999994 0.002529 -0.096642 -0.002763 0.995315
0.990507 0.008218 0.137219 -0.006915 0.999926 -0.009965 -0.137291 0.008922 0.990491
0.981648 0.016360 0.189999 -0.016998 0.999854 0.001726 -0.189943 -0.004924 0.981783
0.974388 0.013282 0.224482 -0.014737 0.999880 0.004808 -0.224391 -0.007993 0.974466
0.961436 0.013762 0.274685 -0.019254 0.999665 0.017308 -0.274355 -0.021929 0.961378
0.947658 0.015601 0.318906 -0.018955 0.999793 0.007416 -0.318724 -0.013073 0.947757
0.930890 0.031702 0.363922 -0.033018 0.999451 -0.002606 -0.363805 -0.009590 0.931426
0.914877 0.032931 0.402388 -0.040738 0.999111 0.010856 -0.401673 -0.026325 0.915405
0.894029 0.041925 0.446043 -0.050955 0.998667 0.008263 -0.445102 -0.030116 0.894973
0.864447 0.027662 0.501962 -0.039959 0.999107 0.013756 -0.501133 -0.031949 0.864780
0.839293 0.022272 0.543223 -0.031392 0.999479 0.007523 -0.542772 -0.023367 0.839555
0.851836 0.037243 0.522483 -0.049722 0.998714 0.009875 -0.521444 -0.034391 0.852592
0.862433 0.037734 0.504763 -0.048877 0.998766 0.008846 -0.503806 -0.032300 0.863213
0.838146 0.028831 0.544683 -0.041433 0.999082 0.010874 -0.543870 -0.031682 0.838571
0.822119 0.055568 0.566597 -0.061823 0.998054 -0.008179 -0.565948 -0.028305 0.823955
0.808548 0.012858 0.588289 -0.036737 0.998914 0.028660 -0.587282 -0.044785 0.808143
0.838401 0.017959 0.544758 -0.035807 0.999113 0.022170 -0.543877 -0.038094 0.838300
0.834374 0.029238 0.550423 -0.024901 0.999572 -0.015349 -0.550636 -0.000899 0.834745
0.815174 0.036183 0.578085 -0.037151 0.999258 -0.010157 -0.578023 -0.013197 0.815914
0.798812 0.036480 0.600474 -0.048757 0.998802 0.004182 -0.599602 -0.032618 0.799634
0.816751 0.063056 0.573535 -0.041317 0.997850 -0.050868 -0.575510 0.017850 0.817600
0.825979 0.037485 0.562453 -0.045701 0.998955 0.000538 -0.561845 -0.026149 0.826829
0.805086 0.065352 0.589547 -0.049855 0.997850 -0.042531 -0.591059 0.004849 0.806614
0.778551 0.041539 0.626205 -0.059121 0.998224 0.007288 -0.624790 -0.042696 0.779624
0.799670 0.040496 0.599073 -0.055888 0.998412 0.007112 -0.597834 -0.039168 0.800663
0.842130 0.048844 0.537058 -0.056740 0.998387 -0.001831 -0.536281 -0.028931 0.843544
0.803217 0.041055 0.594269 -0.063618 0.997829 0.017053 -0.592279 -0.051503 0.804085
0.786358 0.079417 0.612645 -0.081765 0.996358 -0.024209 -0.612336 -0.031056 0.789988
0.999395 -0.002534 0.034699 0.002458 0.999994 0.002235 -0.034704 -0.002148 0.999395
0.997852 -0.005238 0.065298 0.004891 0.999973 0.005472 -0.065325 -0.005141 0.997851
0.994592 0.000974 0.103854 -0.000525 0.999990 -0.004356 -0.103857 0.004278 0.994583
0.988955 0.005108 0.148127 -0.005626 0.999979 0.003082 -0.148108 -0.003881 0.988964
0.979391 -0.001552 0.201966 -0.001185 0.999909 0.013428 -0.201969 -0.013390 0.979300
0.974364 0.004222 0.224936 -0.008886 0.999766 0.019729 -0.224800 -0.021222 0.974174
0.960093 0.007019 0.279592 -0.011503 0.999830 0.014397 -0.279443 -0.017038 0.960011
0.948084 0.023728 0.317134 -0.025841 0.999663 0.002458 -0.316969 -0.010525 0.948378
0.929628 0.026995 0.367510 -0.035153 0.999261 0.015521 -0.366820 -0.027348 0.929890
0.909152 0.033264 0.415134 -0.044280 0.998876 0.016935 -0.414104 -0.033778 0.909603
0.879672 0.021592 0.475091 -0.032738 0.999348 0.015199 -0.474453 -0.028923 0.879805
0.856748 0.018579 0.515401 -0.025821 0.999643 0.006886 -0.515089 -0.019207 0.856922
0.868519 0.026348 0.494955 -0.040445 0.999023 0.017790 -0.494003 -0.035469 0.868736
0.877619 0.028719 0.478498 -0.040371 0.999086 0.014081 -0.477656 -0.031675 0.877976
0.860721 0.030344 0.508172 -0.040697 0.999129 0.009271 -0.507448 -0.028660 0.861206
0.836010 0.030702 0.547855 -0.044049 0.998966 0.011235 -0.546944 -0.033525 0.836498
0.831341 0.007257 0.555715 -0.028444 0.999160 0.029503 -0.555034 -0.040334 0.830849
0.857541 0.014046 0.514224 -0.030185 0.999279 0.023044 -0.513529 -0.035283 0.857346
0.846639 0.013038 0.532008 -0.012468 0.999911 -0.004663 -0.532022 -0.002685 0.846727
0.832888 0.015874 0.553214 -0.020327 0.999792 0.001914 -0.553068 -0.012839 0.833037
0.822772 0.020892 0.567987 -0.035865 0.999241 0.015198 -0.567238 -0.032875 0.822897
0.837163 0.046645 0.544961 -0.030603 0.998791 -0.038478 -0.546097 0.015534 0.837578
0.848734 0.041537 0.527186 -0.041886 0.999059 -0.011283 -0.527158 -0.012506 0.849675
0.820364 0.062828 0.568379 -0.053844 0.998017 -0.032605 -0.569301 -0.003856 0.822120
0.808597 0.038640 0.587093 -0.051449 0.998662 0.005132 -0.586110 -0.034355 0.809503
0.814788 0.032717 0.578835 -0.038417 0.999259 -0.002405 -0.578485 -0.020278 0.815441
0.858507 0.029192 0.511970 -0.044866 0.998826 0.018283 -0.510835 -0.038666 0.858809
0.827792 0.025329 0.560462 -0.049951 0.998340 0.028658 -0.558806 -0.051719 0.827684
0.808607 0.060569 0.585222 -0.071739 0.997415 -0.004107 -0.583958 -0.038663 0.810862
0.827970 0.058018 0.557763 -0.086276 0.995971 0.024471 -0.554096 -0.068383 0.829639
0.999397 -0.000484 0.034723 0.000394 0.999997 0.002600 -0.034724 -0.002585 0.999394
0.997489 0.002932 0.070755 -0.002484 0.999976 -0.006426 -0.070772 0.006234 0.997473
0.992163 0.007119 0.124745 -0.007641 0.999964 0.003707 -0.124715 -0.004631 0.992182
0.986534 0.005037 0.163481 -0.006415 0.999948 0.007906 -0.163432 -0.008848 0.986515
0.979503 0.008099 0.201266 -0.011721 0.999790 0.016810 -0.201088 -0.018824 0.979392
0.970115 0.011484 0.242375 -0.014190 0.999855 0.009420 -0.242232 -0.012577 0.970137
0.956436 0.024681 0.290895 -0.026376 0.999650 0.001906 -0.290747 -0.009496 0.956753
0.942574 0.032747 0.332389 -0.039294 0.999143 0.012993 -0.331679 -0.025308 0.943053
0.921862 0.035604 0.385878 -0.044507 0.998909 0.014159 -0.384953 -0.030227 0.922441
0.893527 0.027986 0.448136 -0.038043 0.999186 0.013454 -0.447395 -0.029070 0.893864
0.873909 0.021610 0.485609 -0.028016 0.999590 0.005935 -0.485282 -0.018792 0.874156
0.888326 0.026207 0.458465 -0.038673 0.999093 0.017823 -0.457582 -0.033563 0.888534
0.892651 0.040689 0.448908 -0.049046 0.998772 0.007000 -0.448072 -0.028265 0.893551
0.874244 0.021141 0.485027 -0.033410 0.999303 0.016662 -0.484336 -0.030771 0.874341
0.854723 0.021894 0.518623 -0.038039 0.999066 0.020515 -0.517690 -0.037263 0.854757
0.848989 0.025395 0.527800 -0.039831 0.999078 0.016000 -0.526907 -0.034606 0.849218
0.869658 0.004415 0.493634 -0.023370 0.999207 0.032236 -0.493100 -0.039570 0.869072
0.871010 0.016653 0.490982 -0.015257 0.999860 -0.006847 -0.491028 -0.001527 0.871143
0.845524 0.023505 0.533420 -0.026840 0.999639 -0.001504 -0.533263 -0.013045 0.845849
0.841267 0.026056 0.539992 -0.038956 0.999163 0.012478 -0.539215 -0.031533 0.841578
0.849792 0.037999 0.525747 -0.029056 0.999259 -0.025258 -0.526317 0.006188 0.850266
0.860230 0.040229 0.508317 -0.042600 0.999068 -0.006975 -0.508123 -0.015654 0.861142
0.844789 0.047710 0.532968 -0.042922 0.998850 -0.021379 -0.533375 -0.004816 0.845865
0.822666 0.041954 0.566974 -0.055273 0.998451 0.006318 -0.565831 -0.036536 0.823711
0.843399 0.029803 0.536460 -0.038184 0.999261 0.004517 -0.535929 -0.024294 0.843913
0.862552 0.054894 0.502981 -0.061092 0.998123 -0.004167 -0.502266 -0.027134 0.864287
0.838139 0.040811 0.543928 -0.052583 0.998598 0.006100 -0.542917 -0.033713 0.839110
0.813762 0.078465 0.575877 -0.080153 0.996528 -0.022518 -0.575645 -0.027834 0.817226
0.821422 0.067672 0.566292 -0.081841 0.996645 -0.000386 -0.564418 -0.046029 0.824205
0.847650 0.062510 0.526860 -0.075193 0.997165 0.002665 -0.525200 -0.041875 0.849948
0.999238 0.005302 0.038673 -0.005001 0.999957 -0.007860 -0.038713 0.007661 0.999221
0.996285 0.008450 0.085702 -0.008623 0.999961 0.001656 -0.085685 -0.002388 0.996319
0.990217 0.009611 0.139205 -0.010325 0.999937 0.004403 -0.139153 -0.005797 0.990254
0.985423 0.010079 0.169821 -0.012913 0.999795 0.015588 -0.169629 -0.017553 0.985352
0.975910 0.012035 0.217840 -0.014058 0.999871 0.007741 -0.217718 -0.010617 0.975954
0.965617 0.026537 0.258611 -0.027972 0.999607 0.001870 -0.258460 -0.009039 0.965980
0.950587 0.035313 0.308444 -0.041334 0.999061 0.013004 -0.307695 -0.025110 0.951154
0.933590 0.037949 0.356328 -0.045683 0.998867 0.013309 -0.355419 -0.028703 0.934266
0.908677 0.034693 0.416056 -0.042266 0.999066 0.009001 -0.415355 -0.025764 0.909294
0.886132 0.017211 0.463112 -0.023950 0.999676 0.008676 -0.462813 -0.018780 0.886257
0.901833 0.030126 0.431032 -0.040326 0.999081 0.014544 -0.430198 -0.030498 0.902219
0.908879 0.041422 0.414997 -0.047961 0.998835 0.005344 -0.414293 -0.024761 0.909807
0.890506 0.038629 0.453329 -0.047946 0.998809 0.009074 -0.452438 -0.029815 0.891297
0.870190 0.029164 0.491853 -0.043363 0.998906 0.017489 -0.490805 -0.036547 0.870503
0.866232 0.017810 0.499325 -0.034065 0.999144 0.023458 -0.498480 -0.037330 0.866097
0.885872 0.014578 0.463701 -0.029202 0.999276 0.024373 -0.463010 -0.035132 0.885656
0.880006 0.021073 0.474494 -0.022886 0.999736 -0.001954 -0.474410 -0.009140 0.880256
0.865735 0.022207 0.500010 -0.031346 0.999460 0.009884 -0.499520 -0.024230 0.865963
0.858855 0.018713 0.511877 -0.032674 0.999299 0.018290 -0.511176 -0.032433 0.858864
0.868340 0.056641 0.492725 -0.041712 0.998278 -0.041247 -0.494212 0.015264 0.869207
0.879308 0.049874 0.473634 -0.045094 0.998752 -0.021453 -0.474113 -0.002494 0.880460
0.868051 0.062763 0.492493 -0.054292 0.998028 -0.031495 -0.493498 0.000601 0.869747
0.837266 0.048698 0.544623 -0.063271 0.997964 0.008034 -0.543122 -0.041185 0.838643
0.856705 0.042420 0.514059 -0.051652 0.998658 0.003672 -0.513214 -0.029699 0.857747
0.880480 0.038474 0.472519 -0.056077 0.998156 0.023220 -0.470754 -0.046942 0.881015
0.859017 0.052956 0.509201 -0.063335 0.997988 0.003057 -0.508015 -0.034876 0.860642
0.841299 0.074210 0.535452 -0.076939 0.996886 -0.017275 -0.535067 -0.026664 0.844389
0.847365 0.077036 0.525393 -0.088131 0.996101 -0.003914 -0.523646 -0.042987 0.850851
0.868129 0.063417 0.492270 -0.074432 0.997222 0.002794 -0.490725 -0.039066 0.870438
0.867227 0.069084 0.493098 -0.093315 0.995331 0.024667 -0.489091 -0.067405 0.869624
0.998860 0.003641 0.047589 -0.004144 0.999937 0.010469 -0.047548 -0.010654 0.998812
0.995216 0.000826 0.097697 -0.002396 0.999870 0.015954 -0.097671 -0.016112 0.995088
0.991223 0.001297 0.132193 -0.004284 0.999742 0.022313 -0.132130 -0.022683 0.990973
0.986593 0.008361 0.162984 -0.011094 0.999813 0.015865 -0.162821 -0.017460 0.986501
0.976175 0.019227 0.216130 -0.021790 0.999718 0.009481 -0.215887 -0.013964 0.976318
0.961970 0.022880 0.272196 -0.031429 0.999139 0.027088 -0.271342 -0.034612 0.961860
0.947351 0.030017 0.318788 -0.039079 0.998992 0.022069 -0.317805 -0.033365 0.947569
0.923897 0.026321 0.381735 -0.036498 0.999145 0.019441 -0.380896 -0.031894 0.924068
0.905872 0.018525 0.423146 -0.027919 0.999482 0.016012 -0.422630 -0.026318 0.905920
0.916485 0.019276 0.399603 -0.032369 0.999137 0.026042 -0.398756 -0.036802 0.916318
0.922658 0.035366 0.383994 -0.045071 0.998851 0.016304 -0.382976 -0.032350 0.923192
0.909027 0.027820 0.415808 -0.039134 0.999059 0.018711 -0.414896 -0.033281 0.909260
0.888918 0.018260 0.457703 -0.035246 0.998969 0.028600 -0.456709 -0.041555 0.888645
0.888851 0.008272 0.458122 -0.026677 0.999075 0.033719 -0.457420 -0.042193 0.888249
0.901785 0.008818 0.432094 -0.026573 0.999031 0.035071 -0.431366 -0.043109 0.901146
0.899980 0.017313 0.435588 -0.018714 0.999824 -0.001074 -0.435530 -0.007185 0.900145
0.886831 0.023614 0.461490 -0.031224 0.999473 0.008860 -0.461038 -0.022267 0.887101
0.878890 0.028252 0.476187 -0.041276 0.999005 0.016913 -0.475235 -0.034520 0.879181
0.885086 0.035674 0.464059 -0.027807 0.999330 -0.023788 -0.464597 0.008150 0.885485
0.896378 0.049119 0.440561 -0.050104 0.998700 -0.009405 -0.440450 -0.013644 0.897673
0.884785 0.033803 0.464772 -0.031430 0.999423 -0.012856 -0.464939 -0.003233 0.885337
0.860581 0.036137 0.508030 -0.050148 0.998645 0.013913 -0.506839 -0.037450 0.861227
0.879908 0.038471 0.473585 -0.046446 0.998908 0.005151 -0.472869 -0.026528 0.880733
0.901746 0.046040 0.429807 -0.056670 0.998321 0.011958 -0.428535 -0.035140 0.902842
0.885899 0.028651 0.462993 -0.048686 0.998321 0.031378 -0.461317 -0.050340 0.885806
0.853857 0.048395 0.518253 -0.057192 0.998363 0.001000 -0.517356 -0.030494 0.855227
0.862524 0.066235 0.501662 -0.077103 0.997023 0.000928 -0.500107 -0.039480 0.865063
0.883164 0.054274 0.465914 -0.076721 0.996621 0.029332 -0.462748 -0.061651 0.884344
0.894787 0.053773 0.443244 -0.072194 0.997083 0.024777 -0.440619 -0.054170 0.896059
0.873182 0.038459 0.485875 -0.072073 0.996111 0.050679 -0.482037 -0.079271 0.872558
0.998838 -0.001779 0.048161 0.001465 0.999978 0.006541 -0.048171 -0.006463 0.998818
0.996412 0.004916 0.084488 -0.006073 0.999891 0.013444 -0.084413 -0.013909 0.996334
0.992445 0.004727 0.122596 -0.005387 0.999973 0.005053 -0.122569 -0.005675 0.992444
0.985541 0.018540 0.168421 -0.019214 0.999813 0.002376 -0.168345 -0.005578 0.985712
0.974089 0.020375 0.225247 -0.025762 0.999447 0.021001 -0.224694 -0.026260 0.974075
0.961417 0.029443 0.273516 -0.035298 0.999240 0.016509 -0.272822 -0.025526 0.961726
0.940650 0.030324 0.338019 -0.035612 0.999321 0.009452 -0.337503 -0.020928 0.941092
0.923786 0.014779 0.382623 -0.020187 0.999745 0.010123 -0.382376 -0.017075 0.923849
0.932316 0.024348 0.360824 -0.032373 0.999344 0.016212 -0.360193 -0.026796 0.932493
0.940077 0.032794 0.339381 -0.037766 0.999254 0.008052 -0.338864 -0.020386 0.940614
0.927015 0.028573 0.373935 -0.036102 0.999262 0.013145 -0.373283 -0.025685 0.927362
0.913485 0.020229 0.406370 -0.028407 0.999497 0.014103 -0.405881 -0.024427 0.913600
0.905019 0.000949 0.425369 -0.016507 0.999323 0.032891 -0.425050 -0.036789 0.904422
0.919111 -0.003620 0.393983 -0.011045 0.999328 0.034950 -0.393845 -0.036474 0.918453
0.917612 0.019866 0.396980 -0.017530 0.999801 -0.009513 -0.397090 0.001770 0.917778
0.904340 0.015700 0.426524 -0.021538 0.999729 0.008865 -0.426269 -0.017203 0.904433
0.901234 0.026431 0.432525 -0.032481 0.999451 0.006605 -0.432113 -0.020001 0.901598
0.903362 0.035974 0.427367 -0.027264 0.999277 -0.026485 -0.428011 0.012274 0.903690
0.911795 0.051334 0.407423 -0.049827 0.998655 -0.014318 -0.407610 -0.007246 0.913127
0.902427 0.052935 0.427578 -0.045620 0.998585 -0.027345 -0.428421 0.005171 0.903565
0.886097 0.023494 0.462904 -0.033637 0.999341 0.013667 -0.462278 -0.027681 0.886303
0.901933 0.030077 0.430828 -0.036197 0.999327 0.006013 -0.430357 -0.021018 0.902414
0.920170 0.047409 0.388639 -0.056751 0.998309 0.012588 -0.387385 -0.033638 0.921304
0.899556 0.047758 0.434186 -0.057675 0.998288 0.009686 -0.432980 -0.033755 0.900771
0.885479 0.062475 0.460460 -0.068581 0.997639 -0.003475 -0.459590 -0.028502 0.887674
0.881811 0.067761 0.466710 -0.081818 0.996598 0.009892 -0.464452 -0.046908 0.884355
0.907782 0.063112 0.414666 -0.080239 0.996487 0.023991 -0.411695 -0.055051 0.909657
0.905364 0.048849 0.421817 -0.066369 0.997431 0.026940 -0.419418 -0.052386 0.906280
0.908472 0.045407 0.415471 -0.076290 0.995396 0.058030 -0.410923 -0.084415 0.907753
0.900662 0.035492 0.433068 -0.070884 0.995309 0.065849 -0.428699 -0.090005 0.898953
0.999283 0.002288 0.037789 -0.002610 0.999961 0.008484 -0.037768 -0.008577 0.999250
0.996476 0.002801 0.083828 -0.003049 0.999991 0.002825 -0.083820 -0.003071 0.996476
0.991777 0.023185 0.125862 -0.022763 0.999729 -0.004783 -0.125938 0.001879 0.992036
0.984015 0.029138 0.175688 -0.031371 0.999458 0.009947 -0.175303 -0.015300 0.984396
0.973260 0.031424 0.227548 -0.035250 0.999297 0.012771 -0.226987 -0.020451 0.973683
0.955589 0.020609 0.293981 -0.025611 0.999585 0.013174 -0.293588 -0.020118 0.955720
0.940400 0.013017 0.339820 -0.015835 0.999859 0.005521 -0.339701 -0.010573 0.940474
0.948133 0.036205 0.315807 -0.040770 0.999138 0.007858 -0.315250 -0.020326 0.948791
0.955774 0.029008 0.292669 -0.033432 0.999390 0.010122 -0.292197 -0.019459 0.956160
0.943075 0.038853 0.330302 -0.042723 0.999077 0.004462 -0.329823 -0.018319 0.943865
0.929395 0.018308 0.368632 -0.026726 0.999485 0.017742 -0.368117 -0.026342 0.929406
0.923563 0.018580 0.382996 -0.028925 0.999355 0.021269 -0.382354 -0.030721 0.923505
0.940982 0.003683 0.338438 -0.011620 0.999703 0.021428 -0.338258 -0.024096 0.940745
0.935824 0.008632 0.352362 -0.009397 0.999956 0.000463 -0.352342 -0.003744 0.935864
0.922860 0.025718 0.384276 -0.026769 0.999638 -0.002613 -0.384204 -0.007875 0.923215
0.915213 0.023778 0.402268 -0.026478 0.999649 0.001153 -0.402099 -0.011707 0.915521
0.925458 0.029690 0.377684 -0.021245 0.999423 -0.026508 -0.378253 0.016508 0.925555
0.932626 0.048414 0.357583 -0.045786 0.998826 -0.015816 -0.357929 -0.001622 0.933748
0.922086 0.051878 0.383491 -0.045085 0.998627 -0.026686 -0.384349 0.007317 0.923159
0.905540 0.047646 0.421577 -0.049931 0.998737 -0.005625 -0.421313 -0.015956 0.906775
0.912228 0.038139 0.407903 -0.040187 0.999186 -0.003552 -0.407706 -0.013152 0.913018
0.936404 0.049411 0.347429 -0.054459 0.998505 0.004774 -0.346673 -0.023391 0.937694
0.923996 0.046134 0.379610 -0.050937 0.998698 0.002614 -0.378995 -0.021752 0.925143
0.897412 0.072459 0.435202 -0.076475 0.997037 -0.008306 -0.434515 -0.025828 0.900294
0.900926 0.072470 0.427879 -0.075190 0.997113 -0.010563 -0.427410 -0.022656 0.903774
0.918124 0.046330 0.393576 -0.055712 0.998369 0.012440 -0.392358 -0.033348 0.919208
0.935870 0.067868 0.345748 -0.084261 0.995911 0.032586 -0.342122 -0.059629 0.937762
0.923694 0.041856 0.380837 -0.064195 0.996870 0.046139 -0.377714 -0.067066 0.923490
0.926536 0.024297 0.375420 -0.051653 0.996678 0.062975 -0.372642 -0.077740 0.924713
0.999150 0.006102 0.040760 -0.005789 0.999953 -0.007783 -0.040806 0.007540 0.999139
0.995430 0.020092 0.093359 -0.018970 0.999737 -0.012893 -0.093593 0.011063 0.995549
0.989245 0.029897 0.143181 -0.030866 0.999513 0.004552 -0.142975 -0.008923 0.989686
0.980728 0.027429 0.193445 -0.028778 0.999577 0.004169 -0.193249 -0.009656 0.981102
0.964060 0.010528 0.265476 -0.013513 0.999864 0.009420 -0.265341 -0.012669 0.964071
0.953243 0.015366 0.301815 -0.014843 0.999882 -0.004026 -0.301841 -0.000642 0.953358
0.959851 0.032293 0.278645 -0.034077 0.999418 0.001560 -0.278433 -0.010993 0.960393
0.964312 0.026797 0.263408 -0.028718 0.999582 0.003442 -0.263205 -0.010884 0.964678
0.952991 0.031797 0.301324 -0.033854 0.999426 0.001605 -0.301100 -0.011730 0.953520
0.941618 0.031715 0.335187 -0.035075 0.999377 0.003975 -0.334852 -0.015499 0.942143
0.938397 0.006387 0.345499 -0.014001 0.999711 0.019544 -0.345275 -0.023177 0.938215
0.949543 0.011333 0.313434 -0.015614 0.999816 0.011154 -0.313249 -0.015485 0.949545
0.947511 0.002803 0.319711 0.001728 0.999902 -0.013888 -0.319718 0.013711 0.947413
0.936852 0.027352 0.348655 -0.023303 0.999604 -0.015803 -0.348949 0.006680 0.937118
0.930561 0.026358 0.365186 -0.026726 0.999635 -0.004048 -0.365159 -0.005993 0.930926
0.937720 0.024910 0.346497 -0.013388 0.999276 -0.035608 -0.347133 0.028752 0.937375
0.947570 0.029462 0.318188 -0.027773 0.999566 -0.009845 -0.318340 0.000491 0.947976
0.934576 0.062282 0.350270 -0.050422 0.997807 -0.042888 -0.352173 0.022420 0.935666
0.919150 0.041625 0.391703 -0.038506 0.999133 -0.015819 -0.392022 -0.000543 0.919956
0.936159 0.039750 0.349323 -0.042069 0.999114 -0.000949 -0.349051 -0.013807 0.937002
0.948987 0.048675 0.311534 -0.049589 0.998757 -0.004992 -0.311390 -0.010711 0.950222
0.926778 0.024388 0.374818 -0.027941 0.999601 0.004047 -0.374570 -0.014223 0.927090
0.912411 0.050409 0.406159 -0.051104 0.998651 -0.009140 -0.406072 -0.012417 0.913757
0.919667 0.065424 0.387212 -0.068316 0.997644 -0.006306 -0.386712 -0.020653 0.921969
0.937846 0.044503 0.344185 -0.052942 0.998483 0.015154 -0.342989 -0.032434 0.938779
0.940215 0.037601 0.338498 -0.043645 0.998994 0.010260 -0.337772 -0.024420 0.940911
0.935691 0.051184 0.349087 -0.068348 0.996974 0.037020 -0.346136 -0.058499 0.936359
0.930353 0.055786 0.362397 -0.073308 0.996703 0.034770 -0.359262 -0.058915 0.931375
0.998431 0.015619 0.053780 -0.015460 0.999875 -0.003363 -0.053826 0.002526 0.998547
0.994835 0.021996 0.099095 -0.023202 0.999670 0.011030 -0.098819 -0.013272 0.995017
0.987866 0.027978 0.152767 -0.030501 0.999434 0.014196 -0.152283 -0.018683 0.988160
0.976073 0.022263 0.216301 -0.024627 0.999663 0.008242 -0.216044 -0.013371 0.976292
0.964606 0.013409 0.263353 -0.014758 0.999886 0.003148 -0.263281 -0.006923 0.964694
0.970736 0.021887 0.239148 -0.024874 0.999646 0.009481 -0.238856 -0.015152 0.970937
0.973863 0.026210 0.225618 -0.029870 0.999472 0.012821 -0.225162 -0.019224 0.974132
0.967580 0.023694 0.251451 -0.025999 0.999645 0.005846 -0.251223 -0.012193 0.967852
0.953737 0.025705 0.299542 -0.029598 0.999526 0.008467 -0.299182 -0.016941 0.954046
0.952046 0.009785 0.305798 -0.016001 0.999713 0.017827 -0.305536 -0.021865 0.951929
0.964507 0.006922 0.263966 -0.014215 0.999568 0.025729 -0.263674 -0.028568 0.964189
0.961741 0.008460 0.273829 -0.006131 0.999937 -0.009363 -0.273891 0.007326 0.961733
0.949296 0.008939 0.314256 -0.012432 0.999881 0.009112 -0.314137 -0.012557 0.949295
0.945484 0.013363 0.325393 -0.019356 0.999697 0.015186 -0.325091 -0.020657 0.945457
0.952150 0.026589 0.304471 -0.017136 0.999286 -0.033677 -0.305149 0.026848 0.951926
0.958539 0.042865 0.281718 -0.039228 0.999058 -0.018540 -0.282247 0.006720 0.959318
0.947095 0.044104 0.317907 -0.037572 0.998938 -0.026651 -0.318745 0.013296 0.947747
0.938547 0.028797 0.343948 -0.032518 0.999458 0.005053 -0.343616 -0.015927 0.938975
0.945223 0.023401 0.325585 -0.027199 0.999605 0.007117 -0.325289 -0.015583 0.945486
0.962837 0.036969 0.267539 -0.041270 0.999093 0.010467 -0.266910 -0.021120 0.963490
0.949290 0.023580 0.313517 -0.030215 0.999410 0.016323 -0.312947 -0.024969 0.949442
0.934754 0.050022 0.351757 -0.051673 0.998653 -0.004701 -0.351519 -0.013782 0.936079
0.938380 0.062047 0.339989 -0.064306 0.997919 -0.004632 -0.339569 -0.017517 0.940418
0.952165 0.054226 0.300734 -0.066983 0.997232 0.032264 -0.298152 -0.050865 0.953162
0.957998 0.047099 0.282882 -0.059062 0.997678 0.033906 -0.280628 -0.049190 0.958555
0.948163 0.042834 0.314885 -0.055571 0.997955 0.031581 -0.312888 -0.047442 0.948604
0.936369 0.034828 0.349285 -0.054652 0.997396 0.047060 -0.346737 -0.063155 0.935834
0.998751 0.005838 0.049628 -0.006618 0.999857 0.015560 -0.049530 -0.015869 0.998647
0.995038 0.018558 0.097747 -0.020102 0.999688 0.014832 -0.097441 -0.016723 0.995101
0.985606 0.008358 0.168854 -0.010645 0.999863 0.012646 -0.168725 -0.014262 0.985560
0.977303 0.001979 0.211837 -0.002365 0.999996 0.001568 -0.211833 -0.002034 0.977304
0.981776 0.009784 0.189788 -0.012667 0.999822 0.013986 -0.189617 -0.016135 0.981725
0.984150 0.019013 0.176317 -0.021991 0.999646 0.014953 -0.175970 -0.018593 0.984220
0.978228 0.001631 0.207527 -0.005643 0.999808 0.018746 -0.207457 -0.019509 0.978050
0.969263 0.014650 0.245589 -0.019175 0.999687 0.016044 -0.245277 -0.020260 0.969241
0.965946 -0.011471 0.258489 0.003815 0.999540 0.030098 -0.258715 -0.028087 0.965545
0.975623 -0.010478 0.219203 0.004136 0.999560 0.029369 -0.219414 -0.027746 0.975237
0.974801 -0.001175 0.223072 0.004354 0.999896 -0.013759 -0.223032 0.014384 0.974705
0.964182 0.016496 0.264729 -0.015399 0.999862 -0.006219 -0.264795 0.001919 0.964303
0.961869 0.006958 0.273421 -0.011071 0.999848 0.013504 -0.273285 -0.016016 0.961800
0.966660 0.025309 0.254810 -0.017323 0.999287 -0.033538 -0.255477 0.028006 0.966409
0.973406 0.014668 0.228615 -0.014526 0.999892 -0.002307 -0.228624 -0.001075 0.973514
0.962906 0.040680 0.266752 -0.034593 0.999024 -0.027479 -0.267610 0.017232 0.963373
0.953740 0.012905 0.300355 -0.016167 0.999834 0.008375 -0.300198 -0.012843 0.953791
0.963020 0.015398 0.268989 -0.018165 0.999805 0.007802 -0.268816 -0.012400 0.963112
0.977668 0.016220 0.209527 -0.021083 0.999557 0.020995 -0.209094 -0.024944 0.977577
0.965463 0.027025 0.259136 -0.032369 0.999342 0.016377 -0.258523 -0.024199 0.965702
0.948812 0.047915 0.312185 -0.050459 0.998726 0.000070 -0.311784 -0.015819 0.950021
0.957752 0.058545 0.281574 -0.067820 0.997426 0.023298 -0.279485 -0.041410 0.959257
0.969504 0.043708 0.241145 -0.054988 0.997676 0.040244 -0.238825 -0.052276 0.969654
0.971281 0.017417 0.237296 -0.026197 0.999082 0.033896 -0.236488 -0.039139 0.970846
0.969967 0.025601 0.241884 -0.044495 0.996341 0.072972 -0.239131 -0.081543 0.967557
0.955471 0.028278 0.293727 -0.042244 0.998253 0.041311 -0.292046 -0.051880 0.954996
0.998568 0.007750 0.052935 -0.007803 0.999969 0.000795 -0.052927 -0.001207 0.998598
0.992380 0.001270 0.123204 -0.001110 0.999998 -0.001368 -0.123206 0.001221 0.992380
0.985699 -0.009847 0.168226 0.011546 0.999892 -0.009127 -0.168118 0.010939 0.985706
0.990169 0.010777 0.139462 -0.010230 0.999937 -0.004638 -0.139503 0.003165 0.990217
0.992394 0.005587 0.122975 -0.005658 0.999984 0.000225 -0.122971 -0.000919 0.992410
0.987767 -0.000483 0.155938 0.000848 0.999997 -0.002270 -0.155936 0.002374 0.987764
0.981794 -0.002335 0.189935 0.001809 0.999994 0.002941 -0.189941 -0.002544 0.981792
0.976722 -0.021194 0.213461 0.018179 0.999705 0.016081 -0.213739 -0.011827 0.976819
0.985406 -0.012155 0.169788 0.011249 0.999917 0.006296 -0.169850 -0.004294 0.985461
0.984705 -0.003515 0.174194 0.006644 0.999827 -0.017385 -0.174102 0.018276 0.984558
0.976194 0.003913 0.216865 -0.000962 0.999906 -0.013712 -0.216898 0.013177 0.976105
0.971611 0.006241 0.236501 -0.004617 0.999962 -0.007418 -0.236538 0.006116 0.971603
0.978130 0.015545 0.207413 -0.006689 0.999038 -0.043330 -0.207887 0.040995 0.977293
0.982470 0.015949 0.185735 -0.011375 0.999606 -0.025667 -0.186071 0.023104 0.982265
0.976617 0.034984 0.212123 -0.026557 0.998746 -0.042444 -0.213342 0.035818 0.976321
0.965172 0.023351 0.260572 -0.023466 0.999721 -0.002669 -0.260562 -0.003538 0.965451
0.972730 0.008489 0.231786 -0.006414 0.999932 -0.009703 -0.231853 0.007951 0.972718
0.984293 0.029357 0.174082 -0.029326 0.999566 -0.002753 -0.174088 -0.002396 0.984727
0.979641 0.009935 0.200514 -0.012072 0.999883 0.009437 -0.200396 -0.011665 0.979645
0.965083 0.049323 0.257257 -0.046369 0.998770 -0.017540 -0.257806 0.004998 0.966184
0.966824 0.058083 0.248751 -0.057917 0.998289 -0.007994 -0.248790 -0.006678 0.968534
0.982448 0.034727 0.183275 -0.041504 0.998584 0.033273 -0.181860 -0.040296 0.982499
0.982421 0.025142 0.184980 -0.028370 0.999488 0.014825 -0.184512 -0.019812 0.982630
0.976313 0.029209 0.214382 -0.038428 0.998501 0.038965 -0.212922 -0.046280 0.975972
0.979065 0.013188 0.203121 -0.027258 0.997406 0.066628 -0.201715 -0.070769 0.976884
0.997584 -0.001799 0.069447 0.002014 0.999993 -0.003017 -0.069441 0.003150 0.997581
0.993315 -0.012766 0.114729 0.014215 0.999829 -0.011820 -0.114558 0.013371 0.993327
0.995648 -0.003125 0.093136 0.003260 0.999994 -0.001294 -0.093132 0.001592 0.995653
0.997711 0.002063 0.067588 -0.001777 0.999989 -0.004292 -0.067596 0.004163 0.997704
0.993699 -0.001824 0.112066 0.002306 0.999989 -0.004168 -0.112058 0.004400 0.993692
0.988539 -0.006236 0.150838 0.005963 0.999980 0.002257 -0.150849 -0.001331 0.988556
0.986713 -0.018031 0.161467 0.016625 0.999811 0.010057 -0.161618 -0.007239 0.986827
0.992638 -0.020824 0.119313 0.020363 0.999780 0.005084 -0.119392 -0.002617 0.992844
0.992126 -0.012691 0.124600 0.016521 0.999421 -0.029748 -0.124151 0.031572 0.991761
0.986327 0.003867 0.164757 0.000464 0.999656 -0.026240 -0.164802 0.025958 0.985985
0.984621 -0.000518 0.174703 0.002715 0.999920 -0.012337 -0.174683 0.012621 0.984544
0.987180 0.014502 0.158950 -0.006971 0.998831 -0.047833 -0.159458 0.046111 0.986127
0.990314 0.017484 0.137744 -0.015237 0.999733 -0.017348 -0.138010 0.015081 0.990316
0.986575 0.019972 0.162084 -0.015152 0.999407 -0.030918 -0.162605 0.028047 0.986292
0.979063 0.011753 0.203218 -0.011498 0.999931 -0.002437 -0.203232 0.000049 0.979131
0.986012 0.006529 0.166548 -0.004324 0.999898 -0.013598 -0.166620 0.012688 0.985940
0.993562 0.005826 0.113141 -0.006698 0.999951 0.007326 -0.113093 -0.008037 0.993552
0.986500 0.010912 0.163395 -0.009738 0.999921 -0.007984 -0.163469 0.006285 0.986528
0.980235 0.021832 0.196626 -0.021521 0.999761 -0.003719 -0.196661 -0.000586 0.980471
0.979201 0.042161 0.198463 -0.040507 0.999102 -0.012388 -0.198807 0.004091 0.980030
0.989064 0.025033 0.145348 -0.029206 0.999218 0.026643 -0.144567 -0.030597 0.989022
0.989950 0.017383 0.140345 -0.022304 0.999188 0.033566 -0.139647 -0.036359 0.989534
0.991159 0.014328 0.131906 -0.022281 0.998008 0.059014 -0.130798 -0.061431 0.989504
0.981948 0.007471 0.189006 -0.013086 0.999509 0.028481 -0.188700 -0.030440 0.981563
0.998927 -0.007816 0.045641 0.008307 0.999909 -0.010587 -0.045554 0.010955 0.998902
0.999586 0.001146 0.028734 -0.001296 0.999986 0.005176 -0.028728 -0.005211 0.999574
0.999962 0.008107 0.003204 -0.008118 0.999961 0.003385 -0.003176 -0.003411 0.999989
0.999254 0.003750 0.038439 -0.003791 0.999992 0.000977 -0.038435 -0.001122 0.999260
0.996749 0.004885 0.080425 -0.005137 0.999983 0.002928 -0.080409 -0.003331 0.996756
0.995599 -0.008288 0.093347 0.007280 0.999911 0.011143 -0.093431 -0.010414 0.995571
0.998306 -0.026877 0.051605 0.026045 0.999521 0.016727 -0.052030 -0.015355 0.998527
0.998320 -0.006228 0.057605 0.007894 0.999556 -0.028745 -0.057400 0.029152 0.997926
0.995864 0.002703 0.090814 -0.001380 0.999892 -0.014629 -0.090844 0.014443 0.995760
0.993694 -0.005443 0.111994 0.005475 0.999985 0.000018 -0.111992 0.000596 0.993709
0.995541 0.010249 0.093771 -0.006625 0.999222 -0.038877 -0.094096 0.038082 0.994834
0.997867 0.008380 0.064739 -0.007385 0.999851 -0.015589 -0.064860 0.015078 0.997780
0.994181 0.032947 0.102563 -0.029309 0.998894 -0.036779 -0.103662 0.033559 0.994046
0.991356 0.013781 0.130473 -0.014118 0.999899 0.001656 -0.130437 -0.003484 0.991450
0.994981 0.015354 0.098884 -0.015299 0.999882 -0.001308 -0.098892 -0.000212 0.995098
0.998991 0.012330 0.043175 -0.012778 0.999867 0.010115 -0.043045 -0.010656 0.999016
0.996101 0.017344 0.086503 -0.018169 0.999797 0.008763 -0.086333 -0.010301 0.996213
0.987516 0.046341 0.150548 -0.048010 0.998819 0.007469 -0.150024 -0.014604 0.988574
0.990419 0.056056 0.126210 -0.057000 0.998367 0.003881 -0.125786 -0.011038 0.991996
0.995820 0.041360 0.081440 -0.044396 0.998371 0.035837 -0.079825 -0.039303 0.996034
0.997737 0.023740 0.062909 -0.025806 0.999147 0.032225 -0.062090 -0.033776 0.997499
0.993911 0.032154 0.105390 -0.035394 0.998952 0.029020 -0.104346 -0.032573 0.994007
0.992466 0.022232 0.120490 -0.028898 0.998130 0.053861 -0.119067 -0.056937 0.991252
0.999660 0.010204 -0.023980 -0.009907 0.999873 0.012487 0.024105 -0.012245 0.999634
0.998755 0.013293 -0.048086 -0.012643 0.999825 0.013810 0.048261 -0.013185 0.998748
0.999879 0.014418 -0.005785 -0.014368 0.999860 0.008540 0.005908 -0.008456 0.999947
0.999651 0.003955 0.026132 -0.004317 0.999895 0.013826 -0.026075 -0.013934 0.999563
0.998656 -0.007172 0.051339 0.006244 0.999815 0.018205 -0.051460 -0.017860 0.998515
0.999948 -0.008850 0.005081 0.008774 0.999854 0.014692 -0.005210 -0.014647 0.999879
0.999974 -0.002276 0.006889 0.002396 0.999843 -0.017565 -0.006848 0.017581 0.999822
0.998938 0.006114 0.045660 -0.005929 0.999974 -0.004194 -0.045685 0.003919 0.998948
0.997529 0.012588 0.069120 -0.013328 0.999859 0.010264 -0.068981 -0.011159 0.997556
0.998917 0.016924 0.043339 -0.015594 0.999402 -0.030859 -0.043835 0.030150 0.998584
0.999328 0.028084 0.023547 -0.027972 0.999596 -0.005068 -0.023680 0.004406 0.999710
0.997734 0.035416 0.057206 -0.034181 0.999164 -0.022425 -0.057952 0.020419 0.998111
0.995568 0.028163 0.089724 -0.029048 0.999541 0.008573 -0.089442 -0.011142 0.995930
0.997841 0.024320 0.061005 -0.024612 0.999689 0.004033 -0.060888 -0.005525 0.998129
0.999568 0.028234 0.008143 -0.028265 0.999593 0.003750 -0.008034 -0.003979 0.999960
0.998679 0.019668 0.047475 -0.020220 0.999733 0.011194 -0.047242 -0.012139 0.998810
0.993654 0.051932 0.099775 -0.053761 0.998430 0.015732 -0.098801 -0.020997 0.994886
0.995664 0.056721 0.073733 -0.058914 0.997873 0.027909 -0.071993 -0.032131 0.996887
0.998980 0.033847 0.029896 -0.034634 0.999056 0.026219 -0.028980 -0.027228 0.999209
0.999374 0.027994 0.021617 -0.028564 0.999240 0.026517 -0.020858 -0.027118 0.999415
0.998128 0.035546 0.049761 -0.037584 0.998467 0.040634 -0.048240 -0.042428 0.997934
0.996999 0.020414 0.074674 -0.024000 0.998586 0.047440 -0.073600 -0.049090 0.996079
0.999812 -0.000605 -0.019367 0.000532 0.999993 -0.003797 0.019370 0.003786 0.999805
0.999781 -0.003850 0.020566 0.003884 0.999991 -0.001592 -0.020559 0.001671 0.999787
0.998596 -0.005064 0.052728 0.005158 0.999985 -0.001646 -0.052719 0.001916 0.998608
0.997609 -0.015641 0.067314 0.015346 0.999870 0.004899 -0.067382 -0.003855 0.997720
0.999210 -0.023217 0.032241 0.023079 0.999723 0.004654 -0.032340 -0.003907 0.999469
0.999277 -0.013929 0.035371 0.014894 0.999520 -0.027178 -0.034975 0.027685 0.999005
0.997639 -0.001646 0.068661 0.003040 0.999791 -0.020209 -0.068614 0.020370 0.997435
0.996387 -0.003471 0.084859 0.004173 0.999959 -0.008097 -0.084828 0.008422 0.996360
0.997795 0.004221 0.066231 -0.001619 0.999226 -0.039295 -0.066345 0.039101 0.997030
0.998690 0.023490 0.045450 -0.022033 0.999236 -0.032288 -0.046173 0.031245 0.998445
0.996079 0.030137 0.083180 -0.027544 0.999104 -0.032145 -0.084074 0.029728 0.996016
0.994067 0.009336 0.108368 -0.008796 0.999946 -0.005455 -0.108413 0.004469 0.994096
0.997136 0.006387 0.075358 -0.006181 0.999976 -0.002971 -0.075375 0.002496 0.997152
0.999444 0.024090 0.023043 -0.023918 0.999684 -0.007735 -0.023222 0.007180 0.999705
0.997854 0.011804 0.064411 -0.011514 0.999922 -0.004872 -0.064464 0.004120 0.997912
0.993436 0.040501 0.106981 -0.040309 0.999179 -0.003955 -0.107053 -0.000383 0.994253
0.993565 0.034016 0.108036 -0.034735 0.999385 0.004779 -0.107807 -0.008501 0.994135
0.996962 0.036021 0.069055 -0.038133 0.998837 0.029509 -0.067912 -0.032053 0.997176
0.998319 0.016284 0.055633 -0.016447 0.999862 0.002475 -0.055585 -0.003386 0.998448
0.996047 0.030437 0.083452 -0.033725 0.998698 0.038278 -0.082178 -0.040941 0.995776
0.994470 -0.001218 0.105014 -0.000325 0.999892 0.014672 -0.105021 -0.014625 0.994362
0.999270 -0.001684 0.038159 0.001677 0.999999 0.000224 -0.038160 -0.000160 0.999272
0.996865 -0.005475 0.078935 0.005466 0.999985 0.000320 -0.078935 0.000113 0.996880
0.995810 -0.021448 0.088893 0.020695 0.999742 0.009384 -0.089072 -0.007505 0.995997
0.998608 -0.024510 0.046696 0.024026 0.999652 0.010887 -0.046946 -0.009750 0.998850
0.998205 -0.020830 0.056153 0.022539 0.999296 -0.029985 -0.055489 0.031197 0.997972
0.995874 -0.007350 0.090451 0.008833 0.999833 -0.016003 -0.090318 0.016736 0.995772
0.994098 -0.006663 0.108284 0.007185 0.999964 -0.004426 -0.108251 0.005178 0.994110
0.996242 0.001509 0.086606 0.002412 0.998977 -0.045156 -0.086585 0.045195 0.995219
0.997853 0.013028 0.064179 -0.011909 0.999771 -0.017793 -0.064396 0.016991 0.997780
0.994811 0.023848 0.098905 -0.020383 0.999147 -0.035901 -0.099677 0.033699 0.994449
0.991133 0.012279 0.132307 -0.010953 0.999882 -0.010746 -0.132423 0.009201 0.991151
0.995093 0.006728 0.098717 -0.005565 0.999912 -0.012053 -0.098789 0.011445 0.995043
0.998776 0.017067 0.046426 -0.017075 0.999854 -0.000230 -0.046423 -0.000563 0.998922
0.995388 0.002515 0.095897 -0.002797 0.999992 0.002808 -0.095890 -0.003063 0.995387
0.990269 0.026346 0.136649 -0.026455 0.999649 -0.001015 -0.136628 -0.002610 0.990619
0.991631 0.033491 0.124683 -0.035135 0.999322 0.011008 -0.124230 -0.015296 0.992136
0.996514 0.030571 0.077627 -0.033553 0.998737 0.037405 -0.076385 -0.039879 0.996281
0.996840 0.025030 0.075387 -0.027170 0.999253 0.027498 -0.074642 -0.029459 0.996775
0.994902 0.012953 0.100007 -0.017283 0.998945 0.042551 -0.099350 -0.044062 0.994076
0.993630 0.002803 0.112660 -0.008174 0.998850 0.047235 -0.112398 -0.047855 0.992510
0.999344 0.002228 0.036156 -0.002305 0.999995 0.002101 -0.036151 -0.002183 0.999344
0.998388 -0.018767 0.053572 0.018288 0.999788 0.009410 -0.053737 -0.008415 0.998520
0.999753 -0.020505 0.008549 0.020438 0.999760 0.007950 -0.008710 -0.007773 0.999932
0.999740 -0.015548 0.016652 0.015918 0.999624 -0.022313 -0.016299 0.022572 0.999612
0.998447 -0.006749 0.055297 0.007320 0.999922 -0.010132 -0.055225 0.010521 0.998419
0.997341 -0.000972 0.072868 0.001560 0.999967 -0.008005 -0.072858 0.008097 0.997309
0.998888 0.012273 0.045512 -0.010224 0.998936 -0.044977 -0.046016 0.044462 0.997951
0.999429 0.014093 0.030704 -0.013453 0.999690 -0.020952 -0.030990 0.020527 0.999309
0.998096 0.019890 0.058382 -0.018051 0.999329 -0.031872 -0.058977 0.030758 0.997785
0.994802 0.015682 0.100610 -0.015226 0.999870 -0.005300 -0.100680 0.003741 0.994912
0.997678 0.010853 0.067243 -0.010153 0.999891 -0.010748 -0.067352 0.010041 0.997679
0.999835 0.015785 0.009019 -0.015883 0.999814 0.010937 -0.008845 -0.011078 0.999900
0.998902 0.010418 0.045681 -0.010381 0.999946 -0.001060 -0.045690 0.000585 0.998956
0.993802 0.037155 0.104767 -0.037004 0.999309 -0.003387 -0.104821 -0.000510 0.994491
0.995428 0.036754 0.088155 -0.037187 0.999303 0.003268 -0.087974 -0.006531 0.996101
0.997899 0.038674 0.051979 -0.040177 0.998795 0.028180 -0.050826 -0.030209 0.998251
0.999199 0.012889 0.037877 -0.013520 0.999773 0.016454 -0.037657 -0.016953 0.999147
0.998043 0.021089 0.058861 -0.023224 0.999088 0.035830 -0.058052 -0.037127 0.997623
0.996775 0.009267 0.079714 -0.013827 0.998287 0.056853 -0.079050 -0.057772 0.995195
0.999666 -0.014888 0.021114 0.014663 0.999835 0.010747 -0.021270 -0.010434 0.999719
0.999470 -0.022125 -0.023883 0.022237 0.999743 0.004455 0.023778 -0.004984 0.999705
0.999657 -0.019949 -0.016984 0.019477 0.999431 -0.027532 0.017524 0.027192 0.999477
0.999882 -0.002704 0.015148 0.002981 0.999828 -0.018321 -0.015096 0.018364 0.999717
0.999512 -0.003453 0.031032 0.003667 0.999970 -0.006821 -0.031007 0.006931 0.999495
0.999987 0.001659 0.004773 -0.001465 0.999183 -0.040385 -0.004836 0.040377 0.999173
0.999750 0.019581 -0.010804 -0.019841 0.999503 -0.024478 0.010319 0.024686 0.999642
0.999429 0.023332 0.024428 -0.022431 0.999080 -0.036551 -0.025258 0.035983 0.999033
0.998617 0.009439 0.051719 -0.009162 0.999942 -0.005595 -0.051769 0.005113 0.998646
0.999639 0.011218 0.024431 -0.011294 0.999932 0.002978 -0.024396 -0.003253 0.999697
0.999448 0.014360 -0.029966 -0.014451 0.999892 -0.002822 0.029923 0.003254 0.999547
0.999776 0.010659 0.018279 -0.010818 0.999904 0.008602 -0.018186 -0.008798 0.999796
0.997199 0.030869 0.068124 -0.030215 0.999487 -0.010603 -0.068416 0.008515 0.997621
0.998109 0.042502 0.044398 -0.043312 0.998909 0.017456 -0.043608 -0.019346 0.998861
0.999228 0.036251 0.015133 -0.036717 0.998822 0.031721 -0.013965 -0.032252 0.999382
0.999753 0.022143 -0.001727 -0.022095 0.999458 0.024389 0.002266 -0.024345 0.999701
0.998944 0.030688 0.034183 -0.031728 0.999037 0.030298 -0.033220 -0.031351 0.998956
0.997894 0.021549 0.061189 -0.023768 0.999077 0.035772 -0.060361 -0.037151 0.997485
0.999093 -0.004187 -0.042382 0.004096 0.999989 -0.002236 0.042390 0.002061 0.999099
0.999461 -0.001400 -0.032807 0.000202 0.999333 -0.036507 0.032836 0.036480 0.998795
0.999895 0.014502 0.000818 -0.014478 0.999599 -0.024322 -0.001170 0.024308 0.999704
0.999829 0.010128 0.015457 -0.009935 0.999872 -0.012542 -0.015582 0.012386 0.999802
0.999712 0.023820 -0.002743 -0.023924 0.998585 -0.047493 0.001608 0.047544 0.998868
0.999303 0.028377 -0.024250 -0.029008 0.999239 -0.026080 0.023491 0.026765 0.999366
0.999234 0.038561 0.006737 -0.038269 0.998505 -0.039021 -0.008231 0.038733 0.999216
0.998600 0.031695 0.042351 -0.031087 0.999405 -0.014939 -0.042799 0.013601 0.998991
0.999300 0.033554 0.016558 -0.033277 0.999306 -0.016736 -0.017108 0.016174 0.999723
0.998478 0.029092 -0.046851 -0.029605 0.999509 -0.010282 0.046529 0.011654 0.998849
0.999784 0.020119 -0.005247 -0.020142 0.999788 -0.004368 0.005158 0.004472 0.999977
0.996584 0.058226 0.058565 -0.057500 0.998247 -0.013998 -0.059278 0.010583 0.998185
0.997262 0.065018 0.035222 -0.065054 0.997882 -0.000125 -0.035155 -0.002167 0.999380
0.999079 0.041618 -0.010471 -0.041458 0.999027 0.015068 0.011088 -0.014620 0.999832
0.998665 0.046953 -0.021548 -0.046804 0.998877 0.007357 0.021869 -0.006338 0.999741
0.999338 0.036362 -0.000979 -0.036331 0.999088 0.022437 0.001794 -0.022387 0.999748
0.998693 0.023176 0.045556 -0.024109 0.999508 0.020057 -0.045069 -0.021129 0.998760
0.999948 0.008705 0.005383 -0.008518 0.999390 -0.033867 -0.005675 0.033820 0.999412
0.999085 0.023158 0.035969 -0.022227 0.999413 -0.026063 -0.036552 0.025240 0.999013
0.997828 0.017452 0.063523 -0.016605 0.999766 -0.013837 -0.063750 0.012753 0.997884
0.998757 0.032150 0.038084 -0.030175 0.998226 -0.051333 -0.039667 0.050120 0.997955
0.999123 0.039307 0.014397 -0.038906 0.998875 -0.027105 -0.015446 0.026521 0.999529
0.997920 0.045986 0.045188 -0.044133 0.998177 -0.041173 -0.046999 0.039093 0.998130
0.995870 0.044324 0.079242 -0.043456 0.998975 -0.012639 -0.079721 0.009143 0.996775
0.998026 0.032790 0.053557 -0.031963 0.999357 -0.016228 -0.054054 0.014484 0.998433
0.999459 0.032620 -0.004300 -0.032651 0.999440 -0.007387 0.004057 0.007523 0.999963
0.998475 0.029197 0.046848 -0.028548 0.999488 -0.014460 -0.047246 0.013101 0.998797
0.993723 0.057163 0.096166 -0.056680 0.998362 -0.007754 -0.096452 0.002254 0.995335
0.994687 0.064585 0.080161 -0.065590 0.997797 0.009969 -0.079341 -0.015174 0.996732
0.997354 0.060838 0.039807 -0.061478 0.997995 0.015047 -0.038812 -0.017454 0.999094
0.998123 0.058483 0.018144 -0.059095 0.997631 0.035216 -0.016041 -0.036223 0.999215
0.997694 0.049557 0.046379 -0.051106 0.998153 0.032836 -0.044666 -0.035131 0.998384
0.996587 0.038104 0.073232 -0.039899 0.998934 0.023204 -0.072270 -0.026047 0.997045
0.999310 0.015829 0.033607 -0.016234 0.999799 0.011799 -0.033414 -0.012337 0.999365
0.998575 0.010060 0.052413 -0.011110 0.999743 0.019776 -0.052200 -0.020330 0.998430
0.999279 0.020637 0.031878 -0.020028 0.999613 -0.019295 -0.032264 0.018643 0.999306
0.999558 0.027325 0.011735 -0.027383 0.999614 0.004794 -0.011599 -0.005113 0.999920
0.998207 0.039018 0.045395 -0.038564 0.999197 -0.010851 -0.045782 0.009081 0.998910
0.996290 0.028622 0.081155 -0.030088 0.999404 0.016898 -0.080623 -0.019277 0.996558
0.998724 0.028194 0.041892 -0.029035 0.999386 0.019590 -0.041314 -0.020781 0.998930
0.999373 0.033118 -0.012520 -0.032815 0.999181 0.023668 0.013293 -0.023243 0.999641
0.998494 0.035757 0.041601 -0.036975 0.998898 0.028899 -0.040522 -0.030394 0.998716
0.994801 0.046265 0.090723 -0.048245 0.998640 0.019758 -0.089686 -0.024032 0.995680
0.996419 0.045371 0.071345 -0.047167 0.998606 0.023693 -0.070170 -0.026973 0.997170
0.998647 0.049355 0.016407 -0.050290 0.996773 0.062571 -0.013266 -0.063312 0.997906
0.999320 0.036549 0.004852 -0.036785 0.997253 0.064285 -0.002489 -0.064419 0.997920
0.998583 0.027925 0.045311 -0.030115 0.998375 0.048381 -0.043886 -0.049677 0.997801
0.996696 0.040072 0.070653 -0.045937 0.995452 0.083455 -0.066988 -0.086424 0.994004
0.999806 -0.002444 0.019545 0.002220 0.999932 0.011449 -0.019572 -0.011404 0.999743
0.999925 0.005685 -0.010855 -0.005982 0.999602 -0.027554 0.010694 0.027616 0.999561
0.999589 0.014073 -0.024992 -0.014114 0.999899 -0.001453 0.024969 0.001805 0.999687
0.999745 0.022420 0.002527 -0.022378 0.999627 -0.015636 -0.002877 0.015576 0.999875
0.998757 0.016368 0.047078 -0.016532 0.999859 0.003101 -0.047020 -0.003876 0.998886
0.999905 0.008532 0.010842 -0.008648 0.999906 0.010654 -0.010750 -0.010747 0.999884
0.998895 0.020395 -0.042332 -0.019510 0.999585 0.021212 0.042747 -0.020363 0.998878
0.999798 0.020000 -0.002143 -0.019950 0.999577 0.021164 0.002566 -0.021117 0.999774
0.998435 0.034443 0.044066 -0.035404 0.999148 0.021199 -0.043298 -0.022726 0.998804
0.998372 0.043833 0.036496 -0.045176 0.998301 0.036800 -0.034821 -0.038389 0.998656
0.999309 0.036816 -0.005147 -0.036577 0.998502 0.040692 0.006637 -0.040476 0.999158
0.999373 0.020947 -0.028551 -0.020129 0.999387 0.028660 0.029134 -0.028067 0.999181
0.999285 0.036430 0.010157 -0.037049 0.996899 0.069431 -0.007596 -0.069758 0.997535
0.999483 0.018854 0.026051 -0.020474 0.997779 0.063382 -0.024798 -0.063882 0.997649
0.999772 0.009465 -0.019162 -0.010161 0.999281 -0.036530 0.018803 0.036716 0.999149
0.998961 0.015217 -0.042950 -0.015832 0.999777 -0.014007 0.042728 0.014673 0.998979
0.999508 0.029700 -0.010076 -0.029980 0.999132 -0.028920 0.009209 0.029208 0.999531
0.999430 0.017209 0.029059 -0.017252 0.999850 0.001239 -0.029033 -0.001739 0.999577
0.999864 0.016428 -0.001288 -0.016434 0.999856 -0.004274 0.001217 0.004295 0.999990
0.997627 0.020301 -0.065792 -0.019804 0.999770 0.008207 0.065943 -0.006884 0.997800
0.999612 0.021703 -0.017434 -0.021604 0.999750 0.005824 0.017556 -0.005445 0.999831
0.998436 0.042509 0.036307 -0.042659 0.999084 0.003387 -0.036130 -0.004930 0.999335
0.998895 0.042679 0.019667 -0.042997 0.998947 0.016026 -0.018963 -0.016854 0.999678
0.999332 0.032282 -0.017131 -0.031906 0.999254 0.021762 0.017821 -0.021200 0.999616
0.997906 0.033856 -0.055108 -0.031885 0.998834 0.036262 0.056271 -0.034429 0.997822
0.999754 0.021970 -0.003143 -0.021810 0.998786 0.044172 0.004109 -0.044093 0.999019
0.999658 0.011946 0.023245 -0.012664 0.999440 0.030968 -0.022862 -0.031252 0.999250
0.999693 0.005867 -0.024087 -0.005312 0.999720 0.023060 0.024215 -0.022925 0.999444
0.999715 0.021042 0.011307 -0.021109 0.999760 0.005892 -0.011180 -0.006129 0.999919
0.998887 0.005515 0.046841 -0.007368 0.999193 0.039477 -0.046586 -0.039778 0.998122
0.999916 -0.003461 0.012490 0.002985 0.999277 0.037914 -0.012612 -0.037873 0.999203
0.999126 0.014041 -0.039364 -0.012244 0.998888 0.045524 0.039959 -0.045002 0.998187
0.999976 0.006949 -0.000188 -0.006935 0.999051 0.042994 0.000486 -0.042992 0.999075
0.998336 0.024025 0.052412 -0.025924 0.999020 0.035868 -0.051499 -0.037167 0.997981
0.998494 0.047435 0.027572 -0.049138 0.996688 0.064790 -0.024407 -0.066047 0.997518
0.999799 0.019825 0.003092 -0.019976 0.997976 0.060375 -0.001888 -0.060425 0.998171
0.999844 0.013614 -0.011287 -0.012882 0.997958 0.062560 0.012115 -0.062405 0.997977
0.999665 0.024965 -0.006794 -0.024178 0.994882 0.098108 0.009208 -0.097911 0.995153
0.999811 0.013937 0.013529 -0.015147 0.995464 0.093926 -0.012158 -0.094113 0.995487
0.999411 0.013478 0.031548 -0.013023 0.999809 -0.014563 -0.031739 0.014144 0.999396
0.997665 0.003065 0.068230 -0.004100 0.999879 0.015035 -0.068175 -0.015279 0.997556
0.999281 0.001027 0.037904 -0.001439 0.999940 0.010855 -0.037891 -0.010902 0.999222
0.999850 0.005480 -0.016446 -0.005138 0.999771 0.020761 0.016556 -0.020673 0.999649
0.999581 0.001157 0.028924 -0.001726 0.999805 0.019651 -0.028895 -0.019693 0.999388
0.996336 0.024712 0.081882 -0.025986 0.999557 0.014530 -0.081487 -0.016604 0.996536
0.997516 0.036037 0.060519 -0.037915 0.998825 0.030172 -0.059361 -0.032392 0.997711
0.999764 0.020534 0.007119 -0.020880 0.998401 0.052538 -0.006029 -0.052674 0.998594
0.999911 0.010435 0.008330 -0.010812 0.998860 0.046498 -0.007835 -0.046584 0.998884
0.999535 0.013974 0.027104 -0.015736 0.997699 0.065949 -0.026120 -0.066345 0.997455
0.997791 0.002906 0.066363 -0.006568 0.998463 0.055035 -0.066101 -0.055349 0.996277
0.999266 -0.011753 0.036462 0.010724 0.999542 0.028304 -0.036778 -0.027893 0.998934
0.999841 -0.017160 0.004860 0.017016 0.999459 0.028148 -0.005341 -0.028061 0.999592
0.998698 -0.003148 -0.050923 0.005089 0.999264 0.038023 0.050766 -0.038232 0.997979
0.999895 -0.014199 -0.003017 0.014301 0.999221 0.036777 0.002492 -0.036816 0.999319
0.999003 0.022316 0.038665 -0.024109 0.998625 0.046555 -0.037573 -0.047441 0.998167
0.999433 0.019408 0.027506 -0.020579 0.998866 0.042939 -0.026641 -0.043481 0.998699
0.999787 0.007498 -0.019254 -0.006340 0.998209 0.059492 0.019665 -0.059358 0.998043
0.999761 -0.001815 -0.021792 0.002956 0.998618 0.052464 0.021666 -0.052516 0.998385
0.999971 0.003084 0.006986 -0.003557 0.997634 0.068654 -0.006757 -0.068676 0.997616
0.999496 -0.013508 0.028741 0.011647 0.997883 0.063988 -0.029544 -0.063621 0.997537
0.999454 -0.005059 -0.032644 0.004988 0.999985 -0.002251 0.032655 0.002087 0.999465
0.996310 0.000661 -0.085829 -0.000301 0.999991 0.004215 0.085831 -0.004173 0.996301
0.998921 -0.002507 -0.046384 0.002927 0.999955 0.008977 0.046359 -0.009103 0.998883
0.999624 0.026139 0.008235 -0.026181 0.999644 0.005089 -0.008099 -0.005303 0.999953
0.999543 0.030004 -0.003732 -0.029937 0.999410 0.016846 0.004236 -0.016726 0.999851
0.998758 0.017196 -0.046769 -0.015943 0.999507 0.027029 0.047211 -0.026250 0.998540
0.997835 0.008685 -0.065194 -0.006650 0.999486 0.031360 0.065433 -0.030859 0.997380
0.999291 0.014120 -0.034899 -0.012341 0.998639 0.050669 0.035567 -0.050203 0.998106
0.999933 0.000549 -0.011562 0.000061 0.998611 0.052686 0.011574 -0.052684 0.998544
0.998656 0.008213 -0.051175 -0.007936 0.999953 0.005615 0.051219 -0.005201 0.998674
0.999966 -0.000820 -0.008247 0.000908 0.999942 0.010725 0.008238 -0.010732 0.999908
0.998752 0.030032 0.039904 -0.030197 0.999538 0.003525 -0.039780 -0.004726 0.999197
0.999124 0.035035 0.022876 -0.035394 0.999254 0.015474 -0.022317 -0.016270 0.999619
0.999657 0.016735 -0.020161 -0.016137 0.999435 0.029475 0.020643 -0.029140 0.999362
0.999420 0.013662 -0.031178 -0.012660 0.999404 0.032122 0.031599 -0.031709 0.998998
0.999795 0.020202 -0.001033 -0.020143 0.998956 0.041008 0.001860 -0.040978 0.999158
0.999620 0.010280 0.025590 -0.011512 0.998758 0.048477 -0.025060 -0.048753 0.998496
0.998919 -0.005252 0.046184 0.005107 0.999982 0.003249 -0.046200 -0.003010 0.998928
0.995273 0.022548 0.094467 -0.022385 0.999746 -0.002775 -0.094506 0.000647 0.995524
0.996373 0.033956 0.078029 -0.034804 0.999349 0.009535 -0.077654 -0.012216 0.996906
0.999146 0.012807 0.039281 -0.013560 0.999728 0.018961 -0.039028 -0.019477 0.999048
0.999688 0.004694 0.024528 -0.005284 0.999696 0.024067 -0.024407 -0.024190 0.999409
0.998263 0.006898 0.058509 -0.008980 0.999333 0.035399 -0.058225 -0.035863 0.997659
0.996736 -0.000214 0.080727 -0.002789 0.999308 0.037086 -0.080679 -0.037190 0.996046
0.998641 0.024794 0.045847 -0.024679 0.999691 -0.003059 -0.045909 0.001924 0.998944
0.998893 0.033369 0.033153 -0.033635 0.999406 0.007493 -0.032883 -0.008600 0.999422
0.999876 0.013822 -0.007492 -0.013654 0.999665 0.021968 0.007793 -0.021863 0.999731
0.999706 0.008749 -0.022630 -0.008119 0.999581 0.027784 0.022863 -0.027592 0.999358
0.999852 0.015840 0.006662 -0.016055 0.999310 0.033479 -0.006127 -0.033581 0.999417
0.999438 -0.001424 0.033489 0.000234 0.999370 0.035492 -0.033519 -0.035464 0.998809
0.999845 0.005613 -0.016693 -0.005439 0.999931 0.010429 0.016751 -0.010336 0.999806
0.998328 -0.008093 -0.057232 0.009371 0.999712 0.022108 0.057036 -0.022608 0.998116
0.997445 -0.015437 -0.069750 0.017457 0.999443 0.028435 0.069272 -0.029580 0.997159
0.999160 -0.011633 -0.039298 0.013121 0.999198 0.037819 0.038827 -0.038303 0.998512
0.999604 -0.023848 -0.014921 0.024403 0.998974 0.038161 0.013996 -0.038510 0.999160
0.999001 -0.015509 -0.041917 0.015966 0.999816 0.010609 0.041745 -0.011268 0.999065
0.998051 -0.023758 -0.057696 0.024777 0.999548 0.017017 0.057265 -0.018413 0.998189
0.999498 -0.017872 -0.026153 0.018614 0.999422 0.028434 0.025630 -0.028906 0.999253
0.999289 -0.037300 0.005575 0.037131 0.998923 0.027819 -0.006606 -0.027592 0.999597
0.999854 -0.007709 -0.015226 0.007780 0.999959 0.004636 0.015190 -0.004754 0.999873
0.999715 -0.007960 0.022507 0.007547 0.999802 0.018415 -0.022649 -0.018240 0.999577
0.998937 -0.020830 0.041119 0.020260 0.999693 0.014234 -0.041403 -0.013386 0.999053
0.999455 0.002801 0.032894 -0.003227 0.999911 0.012917 -0.032855 -0.013017 0.999375
0.998325 -0.004996 0.057638 0.004522 0.999955 0.008355 -0.057677 -0.008080 0.998303
0.999621 -0.011452 0.025017 0.011531 0.999929 -0.002986 -0.024981 0.003273 0.999683
