-0.547782 -0.290998 -0.784382
-0.104152 0.120218 -0.987269
0.085643 0.109310 -0.990311
-0.102680 0.049188 -0.993498
-0.059848 0.142033 -0.988051
-0.140641 0.064427 -0.987962
-0.066401 0.108637 -0.991861
-0.160417 -0.060163 -0.985214
-0.162450 0.043834 -0.985743
-0.758141 -0.179630 -0.626861
-0.012977 0.014237 -0.999814
-0.879719 0.014594 -0.475269
-0.196721 -0.038306 -0.979711
-0.915258 0.016900 -0.402514
-0.235486 0.055941 -0.970267
-0.959422 -0.188919 -0.209332
-0.972089 -0.094277 -0.214838
-0.975478 -0.131706 -0.176340
-0.399303 -0.045718 -0.915678
-0.365919 -0.095057 -0.925780
-0.944795 -0.277291 0.174560
-0.411444 -0.062225 -0.909308
-0.393070 -0.040877 -0.918599
-0.296721 -0.066960 -0.952614
-0.275132 -0.065708 -0.959158
-0.284875 -0.086168 -0.954684
-0.335060 -0.076320 -0.939101
-0.731507 -0.113816 0.672267
-0.219994 -0.078941 -0.972302
-0.205552 -0.054436 -0.977131
-0.139032 0.017627 -0.990131
-0.254635 0.113624 -0.960339
-0.152074 0.058550 -0.986633
-0.214601 0.102674 -0.971290
-0.166958 0.034103 -0.985374
-0.041422 0.091018 -0.994987
-0.042797 0.047371 -0.997960
-0.806493 -0.159688 -0.569271
0.007653 0.063804 -0.997933
-0.038912 0.063869 -0.997199
-0.164210 -0.029695 -0.985978
-0.917230 -0.188782 -0.350785
-0.175667 0.043213 -0.983501
-0.913753 0.105822 -0.392245
-0.184882 -0.039007 -0.981986
-0.280377 -0.011161 -0.959825
-0.358989 -0.050067 -0.931998
-0.356918 -0.029924 -0.933656
-0.374894 -0.096753 -0.922005
-0.993588 -0.036421 0.107037
-0.336016 -0.068967 -0.939328
-0.353646 -0.057666 -0.933600
-0.306114 -0.081135 -0.948531
-0.254320 -0.051353 -0.965756
-0.267996 -0.092173 -0.959001
-0.288004 -0.060145 -0.955739
-0.293649 -0.080113 -0.952550
-0.182165 -0.077654 -0.980197
-0.171017 -0.031841 -0.984754
-0.206276 -0.039602 -0.977692
-0.811655 -0.224305 -0.539354
0.024653 0.221278 -0.974899
-0.101786 0.081217 -0.991485
0.008549 -0.066713 -0.997736
0.002299 -0.102102 -0.994771
0.057335 -0.044907 -0.997344
-0.039495 0.000776 -0.999219
-0.081864 -0.008646 -0.996606
0.006548 0.077727 -0.996953
-0.105816 0.005723 -0.994369
-0.105256 0.013768 -0.994350
-0.160368 -0.053061 -0.985630
-0.906270 -0.042109 -0.420596
-0.236224 -0.037442 -0.970977
-0.964234 0.062388 -0.257606
-0.966515 -0.178899 -0.183966
-0.995162 -0.055052 -0.081375
-0.968697 -0.234317 0.081985
-0.244912 -0.093210 -0.965054
-0.976960 -0.059295 0.205019
-0.335728 -0.088934 -0.937751
-0.266427 -0.083865 -0.960200
-0.200141 -0.051692 -0.978403
-0.233557 -0.067930 -0.969967
-0.854968 -0.108742 0.507154
-0.272146 -0.084177 -0.958567
-0.199192 -0.066598 -0.977695
-0.198934 -0.006194 -0.979993
-0.211029 -0.037222 -0.976771
-0.218279 -0.061919 -0.973920
-0.094218 -0.136708 -0.986121
0.061494 0.137344 -0.988613
-0.025091 0.147942 -0.988678
-0.040947 -0.028032 -0.998768
-0.756229 -0.034627 -0.653390
-0.073370 -0.056969 -0.995676
-0.137028 -0.033534 -0.989999
-0.847744 -0.156073 -0.506924
-0.055173 -0.062709 -0.996506
-0.140089 -0.082924 -0.986660
-0.076175 -0.011036 -0.997033
-0.177413 -0.056809 -0.982495
-0.957124 -0.103198 -0.270673
-0.236874 -0.005223 -0.971526
-0.287135 -0.068394 -0.955445
-0.326423 -0.047813 -0.944014
-0.263003 -0.114036 -0.958032
-0.238766 -0.111674 -0.964635
-0.365197 -0.139851 -0.920366
-0.303370 -0.133466 -0.943479
-0.258971 -0.072192 -0.963183
-0.219123 -0.041629 -0.974809
-0.267055 -0.074524 -0.960795
-0.265773 -0.079677 -0.960737
-0.262836 -0.099764 -0.959669
-0.187625 -0.064027 -0.980152
-0.177054 -0.041943 -0.983307
-0.194084 -0.073960 -0.978193
-0.204464 -0.069192 -0.976426
-0.181325 -0.023119 -0.983151
0.046176 0.160375 -0.985975
0.077677 -0.113595 -0.990486
0.211294 -0.020581 -0.977206
0.139581 -0.025562 -0.989881
0.048859 -0.105233 -0.993247
0.039213 -0.106690 -0.993519
0.036051 -0.022263 -0.999102
-0.871455 -0.154042 -0.465657
-0.043133 -0.101371 -0.993913
-0.095711 -0.087517 -0.991555
-0.100665 0.027209 -0.994548
-0.969854 0.070864 -0.233155
-0.252136 -0.071148 -0.965073
-0.248204 -0.046743 -0.967579
-0.988350 0.038685 -0.147202
-0.237436 -0.049803 -0.970126
-0.243747 -0.077411 -0.966744
-0.291846 -0.124905 -0.948274
-0.299684 -0.104739 -0.948272
-0.228939 -0.082314 -0.969954
-0.212417 -0.071122 -0.974588
-0.234270 -0.088985 -0.968090
-0.265601 -0.049923 -0.962790
-0.250672 -0.057294 -0.966375
-0.190202 -0.107685 -0.975821
-0.162270 -0.052626 -0.985342
-0.207122 -0.056425 -0.976687
-0.209187 -0.043286 -0.976917
-0.155354 -0.018668 -0.987683
-0.134087 -0.020599 -0.990755
0.150444 -0.254960 -0.955176
0.126725 -0.116932 -0.985022
0.011830 -0.135724 -0.990676
0.033345 -0.055333 -0.997911
0.054950 -0.088999 -0.994515
-0.030229 -0.140794 -0.989577
-0.048943 -0.005613 -0.998786
-0.011110 -0.099915 -0.994934
-0.083583 -0.103363 -0.991126
-0.135690 -0.095587 -0.986129
-0.955629 -0.070852 -0.285925
-0.944680 -0.078543 -0.318452
-0.243883 -0.023400 -0.969522
-0.982929 -0.135767 -0.124168
-0.266148 -0.107822 -0.957883
-0.234100 -0.062322 -0.970213
-0.301665 -0.099906 -0.948165
-0.276950 -0.089132 -0.956741
-0.206712 -0.052524 -0.976991
-0.188407 -0.051360 -0.980747
-0.216917 -0.081679 -0.972767
-0.272387 -0.092927 -0.957690
-0.232442 -0.055422 -0.971030
-0.190600 -0.054752 -0.980140
-0.147232 -0.041415 -0.988235
-0.189656 -0.047729 -0.980690
-0.200132 -0.051091 -0.978436
-0.168511 -0.012906 -0.985615
-0.131621 -0.035617 -0.990660
-0.157549 -0.020715 -0.987294
0.076796 -0.218618 -0.972784
0.129908 -0.152990 -0.979652
-0.111528 -0.123386 -0.986072
-0.004224 -0.021695 -0.999756
0.033524 -0.015804 -0.999313
0.013585 -0.047334 -0.998787
-0.104672 -0.043021 -0.993576
-0.114458 -0.072345 -0.990790
-0.175580 -0.135959 -0.975032
-0.199632 -0.099731 -0.974782
-0.250641 -0.074580 -0.965203
-0.239534 -0.058886 -0.969101
-0.251373 -0.100344 -0.962675
-0.196501 -0.093796 -0.976007
-0.208333 -0.089495 -0.973955
-0.242761 -0.079642 -0.966811
-0.294113 -0.066155 -0.953478
-0.240076 -0.101885 -0.965393
-0.195674 -0.038565 -0.979910
-0.205128 -0.073961 -0.975937
-0.204883 -0.060901 -0.976890
-0.215467 -0.082048 -0.973058
-0.160106 -0.054090 -0.985617
-0.145589 -0.032972 -0.988796
-0.198613 -0.025968 -0.979734
-0.194255 -0.024230 -0.980652
-0.154043 -0.005283 -0.988050
-0.120308 -0.039145 -0.991965
-0.154871 -0.024439 -0.987632
-0.197761 -0.036605 -0.979567
0.201752 -0.118273 -0.972269
-0.024525 -0.061621 -0.997798
0.115175 0.012714 -0.993264
0.074698 -0.008883 -0.997167
-0.065073 -0.020577 -0.997668
0.007297 -0.047437 -0.998848
-0.082689 -0.052730 -0.995179
-0.124934 -0.070372 -0.989666
-0.144148 -0.036969 -0.988865
-0.208847 -0.060312 -0.976087
-0.213573 0.031085 -0.976432
-0.216260 -0.049121 -0.975099
-0.223061 -0.052753 -0.973376
-0.203495 -0.065456 -0.976886
-0.277602 -0.068816 -0.958228
-0.297941 -0.049831 -0.953283
-0.218561 -0.085905 -0.972035
-0.177315 -0.051609 -0.982800
-0.194895 -0.047657 -0.979666
-0.267893 -0.063049 -0.961384
-0.210008 -0.054854 -0.976160
-0.157910 -0.042339 -0.986545
-0.136239 -0.022687 -0.990416
-0.184765 -0.062506 -0.980793
-0.175719 -0.062765 -0.982437
-0.140145 -0.018610 -0.989956
-0.109597 -0.012932 -0.993892
-0.158751 -0.031028 -0.986831
-0.173263 -0.027501 -0.984492
-0.160748 -0.021414 -0.986763
-0.090296 0.061978 -0.993985
0.133375 0.037113 -0.990370
0.053374 -0.004428 -0.998565
0.127876 0.009010 -0.991749
-0.077099 -0.024812 -0.996715
-0.078032 -0.022160 -0.996705
-0.185063 -0.042554 -0.981805
-0.207143 -0.037725 -0.977583
-0.148524 -0.035247 -0.988280
-0.162387 -0.022596 -0.986468
-0.271807 0.045243 -0.961288
-0.180671 -0.042259 -0.982635
-0.175293 -0.074294 -0.981709
-0.260529 -0.069781 -0.962941
-0.239201 -0.014438 -0.970863
-0.223587 -0.092096 -0.970323
-0.167791 -0.031445 -0.985321
-0.175354 -0.062047 -0.982548
-0.230275 -0.036330 -0.972447
-0.200544 -0.030005 -0.979225
-0.147056 -0.053262 -0.987693
-0.162589 -0.026828 -0.986329
-0.149063 -0.022399 -0.988574
-0.189963 -0.054483 -0.980278
-0.151101 0.001264 -0.988518
-0.108027 -0.028852 -0.993729
-0.120105 -0.003800 -0.992754
-0.212374 -0.019870 -0.976987
-0.158040 -0.042234 -0.986529
-0.085473 -0.030962 -0.995859
0.207143 0.103669 -0.972802
0.113984 0.056295 -0.991886
0.099448 0.006857 -0.995019
0.027122 -0.021244 -0.999406
-0.040454 -0.061750 -0.997271
-0.137331 -0.074849 -0.987693
-0.116593 -0.064031 -0.991114
-0.133694 -0.019221 -0.990836
-0.149421 -0.024822 -0.988462
-0.203177 -0.022985 -0.978872
-0.241652 -0.055394 -0.968781
-0.169688 -0.004202 -0.985489
-0.225145 -0.058337 -0.972577
-0.197138 -0.010531 -0.980319
-0.196155 -0.081809 -0.977154
-0.130158 -0.051095 -0.990176
-0.137522 -0.049813 -0.989245
-0.195991 -0.051339 -0.979261
-0.182008 -0.051574 -0.981944
-0.164878 -0.070681 -0.983778
-0.119537 -0.024653 -0.992524
-0.148344 -0.008355 -0.988901
-0.173405 -0.055963 -0.983259
-0.111324 0.017905 -0.993623
-0.076329 -0.002911 -0.997078
-0.124707 -0.028785 -0.991776
-0.170541 -0.025736 -0.985014
-0.149434 -0.023290 -0.988497
-0.052353 -0.014194 -0.998528
-0.117670 -0.042617 -0.992138
0.028114 -0.001550 -0.999604
-0.207542 -0.058842 -0.976455
0.019256 -0.102336 -0.994564
-0.031958 -0.061979 -0.997566
-0.155406 -0.139434 -0.977961
-0.077427 -0.071263 -0.994448
-0.231454 -0.087415 -0.968910
-0.293880 -0.050579 -0.954503
-0.284156 -0.027264 -0.958390
-0.195274 -0.057000 -0.979091
-0.161409 -0.056251 -0.985283
-0.179663 -0.083064 -0.980215
-0.227266 -0.051597 -0.972465
-0.166934 -0.065678 -0.983778
-0.118869 -0.059973 -0.991097
-0.176439 -0.045989 -0.983237
-0.181227 -0.015228 -0.983323
-0.214776 -0.059119 -0.974872
-0.115190 -0.053805 -0.991885
-0.101345 -0.002783 -0.994847
-0.131721 -0.013931 -0.991189
-0.171014 -0.049970 -0.984001
-0.101738 0.021726 -0.994574
-0.090794 -0.054409 -0.994382
-0.125525 0.003744 -0.992083
-0.177052 -0.058457 -0.982464
-0.127028 -0.061504 -0.989991
-0.008980 -0.029064 -0.999537
-0.105604 -0.072035 -0.991796
-0.098302 -0.016470 -0.995020
-0.041895 -0.112514 -0.992767
0.061460 -0.194286 -0.979018
0.004712 -0.148440 -0.988910
-0.073964 -0.118725 -0.990169
-0.236999 -0.115506 -0.964619
-0.114874 -0.087912 -0.989482
-0.252970 -0.076841 -0.964418
-0.202185 -0.042473 -0.978426
-0.166148 -0.066452 -0.983859
-0.143498 -0.074214 -0.986864
-0.211578 -0.060911 -0.975461
-0.215932 -0.042493 -0.975483
-0.178690 -0.079916 -0.980654
-0.127240 -0.058356 -0.990154
-0.139475 -0.042555 -0.989311
-0.211987 -0.050974 -0.975942
-0.195385 -0.057478 -0.979041
-0.105085 -0.047512 -0.993328
-0.139375 -0.011089 -0.990178
-0.141420 -0.023002 -0.989682
-0.148698 -0.055948 -0.987299
-0.104188 0.008154 -0.994524
-0.067674 -0.023223 -0.997437
-0.138138 -0.018328 -0.990243
-0.138688 -0.044484 -0.989336
-0.148983 -0.017011 -0.988693
-0.017359 -0.051704 -0.998512
-0.087626 -0.076337 -0.993224
-0.093515 -0.043857 -0.994651
-0.034052 -0.102327 -0.994168
-0.064837 -0.195253 -0.978607
0.006889 -0.139429 -0.990208
-0.195861 -0.131593 -0.971762
-0.196226 -0.073873 -0.977772
-0.191252 -0.064087 -0.979446
-0.229281 -0.065610 -0.971146
-0.228737 -0.034725 -0.972869
-0.137381 -0.065674 -0.988339
-0.139317 -0.065535 -0.988077
-0.205781 -0.067467 -0.976270
-0.218756 -0.045447 -0.974721
-0.128255 -0.076217 -0.988808
-0.118923 -0.039323 -0.992124
-0.163430 -0.056774 -0.984920
-0.193170 -0.064111 -0.979069
-0.183534 -0.028506 -0.982600
-0.124694 -0.060722 -0.990335
-0.095591 -0.016794 -0.995279
-0.165260 -0.018475 -0.986077
-0.138724 -0.047446 -0.989194
-0.120108 -0.017489 -0.992607
-0.089696 -0.030212 -0.995511
-0.104070 -0.021270 -0.994342
-0.148526 -0.046612 -0.987809
-0.094872 -0.031803 -0.994981
-0.070987 -0.023308 -0.997205
-0.110820 -0.037605 -0.993129
-0.140383 -0.014326 -0.989994
-0.127347 -0.038869 -0.991096
-0.065199 -0.027810 -0.997485
0.032360 -0.166395 -0.985528
-0.155514 -0.131828 -0.978998
-0.283745 -0.038414 -0.958130
-0.198201 -0.063134 -0.978126
-0.309228 -0.033118 -0.950411
-0.215645 -0.029776 -0.976018
-0.164655 -0.055131 -0.984809
-0.136481 -0.053079 -0.989220
-0.186721 -0.040889 -0.981562
-0.241000 -0.041166 -0.969652
-0.124519 -0.060959 -0.990343
-0.095921 -0.026962 -0.995024
-0.135005 -0.050840 -0.989540
-0.194744 -0.066655 -0.978587
-0.174515 -0.045952 -0.983582
-0.113700 -0.040930 -0.992672
-0.125073 -0.038151 -0.991414
-0.142656 -0.053292 -0.988337
-0.137484 -0.054981 -0.988977
-0.103461 0.010006 -0.994583
-0.067704 -0.004619 -0.997695
-0.062720 -0.006136 -0.998012
-0.167618 -0.059242 -0.984070
-0.110901 -0.048017 -0.992671
-0.059992 -0.070987 -0.995672
-0.094218 -0.042400 -0.994648
-0.097863 -0.010532 -0.995144
-0.090887 -0.040206 -0.995049
-0.048617 -0.022907 -0.998555
-0.067979 -0.080089 -0.994467
-0.270969 -0.113141 -0.955916
-0.323544 -0.031068 -0.945703
-0.257822 0.026026 -0.965842
-0.113202 -0.001538 -0.993571
-0.172952 0.019084 -0.984745
-0.153727 -0.060156 -0.986280
-0.124617 -0.039744 -0.991409
-0.184524 -0.049013 -0.981605
-0.200785 -0.042470 -0.978714
-0.134805 -0.058965 -0.989116
-0.111334 -0.041796 -0.992904
-0.120650 -0.041510 -0.991827
-0.200196 -0.060050 -0.977914
-0.142828 -0.051264 -0.988419
-0.118126 -0.051074 -0.991684
-0.100602 -0.012842 -0.994844
-0.125827 -0.030957 -0.991569
-0.124466 -0.042577 -0.991310
-0.113177 0.004193 -0.993566
-0.070960 -0.016199 -0.997348
-0.078934 -0.011223 -0.996817
-0.153469 -0.037310 -0.987449
-0.089090 -0.027890 -0.995633
-0.041416 -0.031387 -0.998649
-0.055543 -0.064824 -0.996350
-0.135909 -0.008560 -0.990684
-0.111807 -0.022941 -0.993465
-0.062751 -0.058710 -0.996301
-0.028678 -0.045426 -0.998556
-0.091213 -0.070402 -0.993340
-0.206630 0.004492 -0.978409
-0.179841 0.010681 -0.983638
-0.114006 0.099230 -0.988512
-0.116847 0.022631 -0.992892
-0.098414 -0.057260 -0.993497
-0.087835 -0.040198 -0.995324
-0.152287 -0.040326 -0.987513
-0.177827 -0.045977 -0.982987
-0.137001 -0.057359 -0.988909
-0.085084 -0.023026 -0.996108
-0.103947 -0.052765 -0.993182
-0.134792 -0.028884 -0.990453
-0.166677 -0.051421 -0.984670
-0.114017 -0.052482 -0.992092
-0.099363 -0.012344 -0.994975
-0.133278 -0.044701 -0.990070
-0.100826 -0.027203 -0.994532
-0.118630 -0.012691 -0.992857
-0.084312 -0.025103 -0.996123
-0.076799 -0.006309 -0.997027
-0.121770 -0.038445 -0.991814
-0.066504 -0.035497 -0.997155
-0.027261 -0.052443 -0.998252
-0.077657 -0.048763 -0.995787
-0.083240 -0.026436 -0.996179
-0.111333 -0.048933 -0.992578
-0.034165 -0.065755 -0.997251
-0.063998 -0.052998 -0.996542
-0.020843 -0.107248 -0.994014
-0.028544 -0.117227 -0.992695
-0.042900 0.097229 -0.994337
-0.262143 0.030801 -0.964537
-0.094972 0.025887 -0.995143
-0.001118 -0.051515 -0.998672
-0.038322 -0.050341 -0.997997
-0.126870 -0.075439 -0.989047
-0.171101 -0.052643 -0.983846
-0.111767 -0.050840 -0.992433
-0.051103 -0.042380 -0.997794
-0.085592 -0.046323 -0.995253
-0.143556 -0.061434 -0.987733
-0.147214 -0.048739 -0.987903
-0.056392 -0.035903 -0.997763
-0.086693 -0.045346 -0.995202
-0.118484 -0.032950 -0.992409
-0.133708 -0.024146 -0.990727
-0.087899 -0.011019 -0.996068
-0.052272 -0.022051 -0.998389
-0.070998 -0.013021 -0.997391
-0.118236 -0.021570 -0.992751
-0.122659 -0.021933 -0.992206
-0.031813 -0.039328 -0.998720
-0.045904 -0.036114 -0.998293
-0.122817 -0.031642 -0.991925
-0.119430 -0.008057 -0.992810
-0.078708 -0.025584 -0.996569
0.015748 -0.082576 -0.996460
-0.027783 -0.087447 -0.995782
0.007872 -0.111488 -0.993735
0.054246 0.027045 -0.998161
-0.095600 0.017298 -0.995270
-0.026125 -0.091990 -0.995417
-0.041392 -0.039685 -0.998355
-0.168390 -0.088940 -0.981700
-0.139610 -0.044224 -0.989218
-0.086988 -0.046164 -0.995139
-0.070227 -0.049238 -0.996315
-0.095687 -0.058625 -0.993684
-0.130565 -0.053461 -0.989997
-0.120826 -0.067113 -0.990402
-0.083648 -0.045131 -0.995473
-0.090050 -0.019354 -0.995749
-0.114368 -0.025238 -0.993118
-0.124695 -0.037678 -0.991479
-0.094825 -0.002761 -0.995490
-0.030843 -0.041666 -0.998655
-0.069754 -0.003146 -0.997559
-0.127046 -0.002866 -0.991893
-0.049645 -0.049271 -0.997551
-0.019906 -0.030362 -0.999341
-0.113728 -0.032129 -0.992992
-0.122970 -0.017770 -0.992251
-0.099262 -0.029007 -0.994638
-0.038370 -0.048038 -0.998108
-0.039726 -0.026086 -0.998870
-0.031741 -0.087057 -0.995698
-0.035404 -0.082198 -0.995987
-0.109869 -0.017791 -0.993787
0.042959 -0.083675 -0.995567
-0.010181 -0.067630 -0.997659
-0.079084 -0.061676 -0.994958
-0.131922 -0.054165 -0.989779
-0.075417 -0.048307 -0.995981
-0.075709 -0.066604 -0.994903
-0.065609 -0.046334 -0.996769
-0.144379 -0.040798 -0.988681
-0.115230 -0.032502 -0.992807
-0.037699 -0.063618 -0.997262
-0.057213 -0.023890 -0.998076
-0.120928 -0.059113 -0.990900
-0.109191 -0.060200 -0.992196
-0.073341 0.006461 -0.997286
-0.035737 -0.012692 -0.999281
-0.082376 -0.018325 -0.996433
-0.092393 -0.037044 -0.995033
-0.085983 -0.037303 -0.995598
-0.006472 -0.048921 -0.998782
-0.049089 -0.045743 -0.997746
-0.083321 -0.018773 -0.996346
-0.075393 -0.017027 -0.997009
-0.031163 -0.073054 -0.996841
-0.002729 -0.068701 -0.997634
-0.041468 -0.050810 -0.997847
-0.090276 -0.083445 -0.992415
0.062695 -0.097151 -0.993293
0.087145 -0.048827 -0.994998
-0.071631 -0.063993 -0.995376
-0.108164 -0.031277 -0.993641
-0.062781 -0.049813 -0.996783
-0.057390 -0.048152 -0.997190
-0.058501 -0.074593 -0.995497
-0.111791 -0.051454 -0.992399
-0.107394 -0.065350 -0.992066
-0.049057 -0.071755 -0.996215
-0.039192 -0.013851 -0.999136
-0.109338 -0.026355 -0.993655
-0.088664 -0.052828 -0.994660
-0.065701 -0.002916 -0.997835
-0.014358 -0.030307 -0.999438
-0.071129 -0.005934 -0.997449
-0.095466 -0.028727 -0.995018
-0.056750 -0.037594 -0.997680
0.025990 -0.052441 -0.998286
-0.031595 -0.050596 -0.998219
-0.096847 -0.022784 -0.995038
-0.043268 -0.075920 -0.996175
0.006936 -0.087582 -0.996133
-0.002742 -0.053799 -0.998548
0.017304 -0.124283 -0.992096
-0.068630 -0.064928 -0.995527
0.032361 0.002958 -0.999472
-0.135931 -0.057034 -0.989075
-0.148090 -0.037266 -0.988271
-0.040572 -0.018831 -0.998999
-0.042599 -0.046385 -0.998015
-0.054327 -0.049842 -0.997278
-0.083976 -0.051848 -0.995118
-0.120035 -0.061916 -0.990837
-0.036603 -0.039062 -0.998566
-0.031501 -0.042851 -0.998585
-0.097952 -0.035728 -0.994550
-0.119149 -0.031719 -0.992370
-0.067361 -0.005195 -0.997715
-0.033364 -0.012682 -0.999363
-0.039444 0.000632 -0.999222
-0.117279 -0.044010 -0.992123
-0.080129 -0.024930 -0.996473
-0.010074 -0.034953 -0.999338
-0.001324 -0.059212 -0.998245
-0.074877 -0.014623 -0.997086
-0.070511 -0.028420 -0.997106
0.033945 -0.093258 -0.995063
0.011475 -0.044952 -0.998923
-0.025312 -0.080903 -0.996401
0.030170 -0.134098 -0.990509
-0.162567 -0.101201 -0.981494
-0.169613 -0.054124 -0.984023
-0.123424 -0.067775 -0.990037
0.007580 -0.046407 -0.998894
-0.086805 -0.052756 -0.994827
-0.141471 -0.066535 -0.987704
-0.118443 -0.056567 -0.991348
-0.033441 -0.049565 -0.998211
-0.028149 -0.014732 -0.999495
-0.099884 -0.004654 -0.994988
-0.080565 -0.029222 -0.996321
-0.070260 -0.002456 -0.997526
-0.033954 -0.040688 -0.998595
-0.038912 -0.024624 -0.998939
-0.091580 -0.046320 -0.994720
-0.040016 -0.022654 -0.998942
0.023695 -0.056252 -0.998135
-0.029906 -0.025185 -0.999235
-0.045620 -0.033639 -0.998392
-0.068813 -0.012296 -0.997554
0.007724 -0.079835 -0.996778
-0.001831 -0.077552 -0.996987
0.050925 -0.124127 -0.990959
-0.046950 -0.067006 -0.996647
-0.134998 0.002482 -0.990843
-0.094462 -0.064176 -0.993458
0.000908 -0.047995 -0.998847
-0.004174 -0.049533 -0.998764
-0.093268 -0.046983 -0.994532
-0.090961 -0.047231 -0.994734
-0.025988 -0.067190 -0.997402
-0.001553 0.004930 -0.999987
-0.050051 -0.023547 -0.998469
-0.078034 -0.047993 -0.995795
-0.051909 0.000325 -0.998652
-0.002852 -0.017765 -0.999838
-0.052896 0.005443 -0.998585
-0.062019 -0.039966 -0.997274
-0.019186 -0.042799 -0.998899
0.042780 -0.046013 -0.998024
0.010331 -0.046144 -0.998881
-0.082206 -0.050867 -0.995316
-0.048237 -0.035903 -0.998190
0.005926 -0.083439 -0.996495
0.034434 -0.062025 -0.997480
-0.029614 -0.055368 -0.998027
-0.033619 -0.099618 -0.994458
0.068276 -0.104181 -0.992212
0.106443 -0.061251 -0.992430
0.012204 -0.049926 -0.998678
-0.023551 -0.050654 -0.998439
-0.108781 -0.026188 -0.993721
0.001474 -0.027529 -0.999620
0.022497 -0.008098 -0.999714
-0.050449 -0.030457 -0.998262
-0.083882 -0.048106 -0.995314
-0.024717 -0.005639 -0.999679
-0.009994 -0.026782 -0.999591
-0.045388 -0.013704 -0.998875
-0.067078 -0.035864 -0.997103
-0.033204 -0.038096 -0.998722
0.018673 -0.010759 -0.999768
0.000047 -0.036674 -0.999327
-0.070015 -0.045824 -0.996493
-0.018046 -0.055834 -0.998277
0.031903 -0.032449 -0.998964
0.025920 -0.035570 -0.999031
-0.003749 -0.052801 -0.998598
-0.026031 -0.069293 -0.997257
0.006063 0.031620 -0.999482
-0.042075 -0.065410 -0.996971
-0.083277 -0.018682 -0.996351
-0.054297 0.002974 -0.998520
-0.023269 -0.024989 -0.999417
-0.006117 -0.008974 -0.999941
-0.048497 -0.015924 -0.998696
-0.054624 -0.025396 -0.998184
-0.033330 -0.010463 -0.999390
-0.001350 0.011227 -0.999936
-0.050503 -0.015017 -0.998611
-0.055215 -0.020936 -0.998255
-0.003482 -0.047355 -0.998872
0.039924 -0.016039 -0.999074
0.017599 -0.019337 -0.999658
-0.016972 -0.029730 -0.999414
-0.049072 -0.030298 -0.998336
-0.009354 -0.075198 -0.997125
0.005261 -0.003929 -0.999978
-0.020690 -0.068088 -0.997465
-0.037264 -0.017941 -0.999144
-0.007341 -0.135056 -0.990811
-0.142817 -0.050379 -0.988466
-0.085838 -0.033367 -0.995750
0.019675 -0.053601 -0.998369
0.000959 0.000890 -0.999999
-0.053001 -0.026628 -0.998239
-0.061275 -0.035647 -0.997484
-0.030544 0.006389 -0.999513
0.008017 -0.027260 -0.999596
-0.042911 0.001297 -0.999078
-0.067110 -0.007892 -0.997714
-0.011423 -0.019236 -0.999750
0.046112 -0.029941 -0.998487
-0.012611 -0.038377 -0.999184
-0.037739 -0.035493 -0.998657
-0.036173 -0.046575 -0.998260
0.022967 -0.097752 -0.994946
0.013129 -0.058690 -0.998190
-0.014578 -0.076499 -0.996963
-0.005483 -0.087134 -0.996181
-0.162277 -0.006476 -0.986724
-0.126056 0.003319 -0.992018
0.042761 -0.019025 -0.998904
0.008260 -0.024233 -0.999672
-0.059776 -0.028430 -0.997807
-0.058331 -0.020859 -0.998079
-0.011734 0.019299 -0.999745
-0.011245 -0.011125 -0.999875
-0.016767 -0.004390 -0.999850
-0.083050 -0.019842 -0.996348
-0.032634 -0.011068 -0.999406
0.042879 -0.054088 -0.997615
0.029160 -0.020559 -0.999363
-0.054984 -0.013566 -0.998395
-0.033970 -0.020306 -0.999217
-0.002325 -0.061001 -0.998135
0.014790 -0.023517 -0.999614
-0.007589 -0.055843 -0.998411
-0.016795 -0.110299 -0.993756
-0.150143 -0.052528 -0.987268
0.052707 -0.022310 -0.998361
0.014238 -0.009647 -0.999852
-0.023514 -0.021200 -0.999499
-0.036725 -0.027141 -0.998957
0.022124 -0.018551 -0.999583
0.020016 -0.008036 -0.999767
-0.021059 -0.000318 -0.999778
-0.017655 -0.024346 -0.999548
-0.004431 -0.063990 -0.997941
0.067024 -0.020855 -0.997533
0.011109 -0.058915 -0.998201
-0.052408 0.000455 -0.998626
-0.008092 -0.058575 -0.998250
0.003308 -0.078937 -0.996874
0.028051 -0.056620 -0.998002
-0.022087 -0.051475 -0.998430
-0.050386 -0.064856 -0.996622
0.176244 -0.048219 -0.983165
0.040913 -0.031939 -0.998652
-0.029073 -0.034255 -0.998990
-0.013906 -0.053228 -0.998486
-0.006844 -0.016393 -0.999842
0.037141 -0.027604 -0.998929
-0.012397 -0.018903 -0.999744
-0.035447 -0.019536 -0.999181
-0.019317 -0.028473 -0.999408
0.075450 -0.025384 -0.996826
0.044155 -0.042720 -0.998111
-0.063572 -0.011144 -0.997915
-0.012933 -0.040618 -0.999091
0.033123 -0.058059 -0.997763
0.041615 -0.024934 -0.998823
0.024773 -0.047667 -0.998556
-0.046708 -0.044915 -0.997898
0.022008 -0.096941 -0.995047
-0.035641 -0.021195 -0.999140
-0.109121 -0.023918 -0.993741
-0.029043 -0.003258 -0.999573
0.015418 -0.026690 -0.999525
-0.010844 -0.013087 -0.999856
-0.040020 -0.016476 -0.999063
-0.019377 -0.020785 -0.999596
0.065174 -0.026191 -0.997530
0.000266 -0.006160 -0.999981
-0.055682 -0.031464 -0.997953
-0.036767 -0.067008 -0.997075
0.007700 -0.056818 -0.998355
0.037548 -0.102791 -0.993994
0.013663 -0.075958 -0.997017
-0.024440 -0.053520 -0.998268
-0.087563 -0.034202 -0.995572
-0.077793 -0.003769 -0.996962
-0.018776 0.031598 -0.999324
0.011657 -0.000431 -0.999932
-0.035671 0.011018 -0.999303
-0.065568 0.008360 -0.997813
0.004724 -0.023901 -0.999703
0.080118 -0.014179 -0.996685
0.004246 -0.037387 -0.999292
-0.042993 -0.000365 -0.999075
-0.022952 0.007860 -0.999706
0.070581 -0.090490 -0.993393
0.072527 -0.080693 -0.994097
0.006461 -0.015714 -0.999856
-0.022881 -0.119102 -0.992618
-0.058829 -0.010352 -0.998214
0.135198 -0.007022 -0.990794
0.069324 -0.020967 -0.997374
0.039700 -0.015850 -0.999086
-0.064620 0.044949 -0.996897
0.017540 -0.034115 -0.999264
0.074053 -0.038231 -0.996521
0.056406 -0.041088 -0.997562
0.006457 -0.043647 -0.999026
-0.007996 -0.063460 -0.997952
0.031032 -0.051674 -0.998182
0.080991 -0.006368 -0.996694
0.013415 -0.102814 -0.994610
0.014238 -0.097160 -0.995167
0.102141 -0.048986 -0.993563
0.074484 -0.010425 -0.997168
0.020342 -0.000570 -0.999793
-0.043799 -0.006135 -0.999022
0.001455 -0.020417 -0.999790
0.113182 -0.022141 -0.993328
0.050721 -0.024480 -0.998413
-0.030045 -0.006306 -0.999529
-0.010677 -0.039019 -0.999181
0.029218 -0.026877 -0.999212
0.113557 -0.064105 -0.991461
0.002288 -0.055172 -0.998474
-0.029880 -0.025011 -0.999241
0.100761 0.023204 -0.994640
-0.030893 0.022998 -0.999258
-0.028860 0.002207 -0.999581
0.016184 -0.034666 -0.999268
0.087039 -0.014539 -0.996099
0.061361 -0.022470 -0.997863
-0.009518 0.010263 -0.999902
0.047613 -0.085979 -0.995159
0.022957 -0.031841 -0.999229
0.035697 -0.025576 -0.999035
0.079671 -0.109210 -0.990821
0.066333 -0.099351 -0.992839
-0.048530 -0.026020 -0.998483
-0.063673 -0.012233 -0.997896
0.006877 -0.027761 -0.999591
0.072021 -0.012785 -0.997321
0.036219 -0.025524 -0.999018
-0.041246 -0.003147 -0.999144
-0.011417 -0.037581 -0.999228
0.088915 -0.090699 -0.991901
0.040621 -0.047585 -0.998041
0.044494 -0.087577 -0.995164
-0.033883 -0.049853 -0.998182
-0.056625 0.121321 -0.990997
0.036118 -0.031626 -0.998847
0.119960 -0.003710 -0.992772
0.049432 -0.023826 -0.998493
0.036929 -0.087178 -0.995508
0.014459 -0.015232 -0.999779
0.082859 -0.053773 -0.995109
0.028744 -0.009060 -0.999546
0.009008 -0.047982 -0.998808
-0.009677 -0.039351 -0.999179
0.109407 -0.111789 -0.987691
0.143511 -0.025650 -0.989316
0.116325 -0.063369 -0.991188
0.004119 -0.027099 -0.999624
-0.014008 -0.043254 -0.998966
0.043263 -0.052034 -0.997708
0.060084 -0.049335 -0.996973
0.024647 -0.096388 -0.995039
0.011708 -0.101485 -0.994768
0.150232 0.093183 -0.984250
0.073300 -0.044097 -0.996335
-0.018623 0.026758 -0.999468
0.004561 -0.004113 -0.999981
0.044038 -0.045102 -0.998011
0.053878 -0.030733 -0.998074
0.005786 -0.029339 -0.999553
-0.023351 -0.073987 -0.996986
0.024420 -0.134191 -0.990655
-0.048315 -0.016480 -0.998696
-0.023123 -0.061681 -0.997828
0.014025 -0.042086 -0.999016
0.030925 -0.048938 -0.998323
-0.039485 -0.059478 -0.997448
-0.037267 -0.069363 -0.996895
-0.031579 0.067240 -0.997237
-0.047615 -0.004878 -0.998854
0.002892 -0.036318 -0.999336
0.028052 -0.048860 -0.998412
-0.017070 -0.039143 -0.999088
-0.045973 -0.050388 -0.997671
-0.014093 -0.102035 -0.994681
0.039362 -0.069203 -0.996826
0.041222 -0.077308 -0.996155
-0.026960 -0.066240 -0.997439
-0.042046 -0.083973 -0.995581
0.117020 0.007215 -0.993103
0.068449 -0.053353 -0.996227
-0.012804 -0.058318 -0.998216
-0.069900 -0.051604 -0.996218
0.039100 -0.038545 -0.998492
-0.133353 -0.061430 -0.989163
-0.077813 -0.045060 -0.995949
-0.170794 -0.068744 -0.982906
-0.101482 -0.030961 -0.994355
0.008615 -0.010116 -0.999912
