0.508138 0.289325 0.811226
0.001613 -0.137366 0.990519
-0.220487 -0.126885 0.967101
-0.076312 -0.062242 0.995140
-0.157261 -0.165761 0.973546
-0.112534 -0.088974 0.989656
-0.221705 -0.136397 0.965527
-0.166771 0.015916 0.985867
-0.202801 -0.076444 0.976232
0.452609 0.143489 0.880089
-0.409690 -0.054450 0.910598
0.571508 -0.041626 0.819540
-0.297929 -0.009059 0.954545
0.578040 -0.038628 0.815094
-0.339886 -0.100520 0.935080
0.645743 0.168859 0.744650
0.626786 0.075551 0.775520
0.619719 0.116583 0.776116
-0.346244 0.002615 0.938141
-0.425221 0.036929 0.904336
0.729520 0.298341 0.615461
-0.487258 0.003730 0.873250
-0.542675 -0.014245 0.839822
-0.606807 0.001739 0.794848
-0.609546 0.005677 0.792730
-0.630574 0.023598 0.775770
-0.619177 0.012264 0.785156
0.947551 0.151153 0.281602
-0.688302 0.002734 0.725419
-0.703686 0.012815 0.710395
0.035349 -0.034685 0.998773
0.120698 -0.129269 0.984237
-0.026345 -0.070831 0.997140
-0.003434 -0.123762 0.992306
-0.086929 -0.058320 0.994506
-0.246744 -0.118994 0.961747
-0.280901 -0.091798 0.955336
0.547241 0.134630 0.826077
-0.395226 -0.108591 0.912143
-0.384375 -0.104018 0.917298
-0.297860 -0.014691 0.954496
0.634242 0.161272 0.756127
-0.354635 -0.081108 0.931480
0.545760 -0.128860 0.827973
-0.431998 -0.013252 0.901777
-0.374519 -0.047422 0.926006
-0.337780 -0.000367 0.941225
-0.388694 -0.014178 0.921257
-0.416411 0.038929 0.908343
0.723945 0.054000 0.687742
-0.556579 0.008667 0.830750
-0.577808 0.002107 0.816170
-0.598850 0.016172 0.800698
-0.626397 -0.009238 0.779450
-0.643981 0.029293 0.764481
-0.657374 -0.004902 0.753549
-0.662602 0.003281 0.748964
-0.715823 0.001687 0.698280
-0.728476 -0.009593 0.685005
-0.728795 -0.009884 0.684660
0.728177 0.218238 0.649716
-0.195481 -0.235758 0.951948
-0.118321 -0.104449 0.987466
-0.261526 0.040300 0.964355
-0.291001 0.073843 0.953869
-0.376590 0.000653 0.926379
-0.322520 -0.032780 0.945995
-0.312856 -0.037071 0.949077
-0.425290 -0.117711 0.897370
-0.353294 -0.050029 0.934173
-0.384607 -0.060627 0.921087
-0.370086 0.015130 0.928874
0.520959 0.017707 0.853398
-0.384053 -0.014733 0.923194
0.599167 -0.083323 0.796277
0.606574 0.163371 0.778060
0.660135 0.054472 0.749170
0.712233 0.245747 0.657520
-0.578496 0.030615 0.815110
0.743131 0.070700 0.665401
-0.592512 0.033286 0.804874
-0.631475 0.018047 0.775187
-0.668767 -0.010144 0.743404
-0.671118 0.004353 0.741338
0.877411 0.140974 0.458559
-0.679158 0.007256 0.733957
-0.703739 -0.009520 0.710395
-0.708479 -0.035408 0.704842
-0.725443 -0.012235 0.688173
-0.731962 0.000108 0.681346
-0.086284 0.123609 0.988573
-0.275794 -0.162843 0.947323
-0.223098 -0.173679 0.959199
-0.249813 -0.000102 0.968294
0.504501 0.003745 0.863403
-0.289833 0.024755 0.956757
-0.259681 -0.012473 0.965614
0.552585 0.132898 0.822793
-0.400386 0.018601 0.916158
-0.351450 0.035882 0.935518
-0.447607 -0.026668 0.893832
-0.397201 0.011934 0.917654
0.609600 0.080124 0.788649
-0.415709 -0.053781 0.907906
-0.408025 0.017151 0.912810
-0.418511 0.003081 0.908207
-0.520251 0.053063 0.852363
-0.583238 0.048999 0.810823
-0.527551 0.080567 0.845695
-0.617124 0.077776 0.783012
-0.637557 0.006189 0.770378
-0.654030 -0.019804 0.756210
-0.645025 0.011563 0.764073
-0.674523 0.014292 0.738115
-0.685805 0.022876 0.727426
-0.712083 -0.012014 0.701993
-0.724205 0.000476 0.689585
-0.736946 0.024456 0.675509
-0.741469 0.007288 0.670948
-0.744091 0.001943 0.668075
-0.259823 -0.185577 0.947656
-0.327354 0.086634 0.940922
-0.484942 -0.008146 0.874509
-0.451789 -0.018145 0.891941
-0.403172 0.074121 0.912118
-0.423965 0.062242 0.903538
-0.454354 -0.017796 0.890643
0.566195 0.127324 0.814378
-0.440197 0.055162 0.896205
-0.429020 0.049817 0.901921
-0.466139 -0.072058 0.881772
0.646001 -0.091892 0.757785
-0.401850 0.012317 0.915623
-0.444787 -0.004866 0.895623
0.613105 -0.042371 0.788865
-0.543226 -0.011995 0.839501
-0.579617 0.014727 0.814755
-0.592855 0.063991 0.802762
-0.622006 0.048868 0.781487
-0.661026 0.015788 0.750197
-0.659511 0.009588 0.751635
-0.670320 0.025487 0.741634
-0.674683 -0.015532 0.737944
-0.695522 -0.019758 0.718233
-0.709194 0.031778 0.704297
-0.734314 0.011269 0.678716
-0.728177 0.006964 0.685354
-0.738189 -0.018625 0.674336
-0.761408 -0.002810 0.648267
-0.760328 -0.023357 0.649118
-0.391192 0.228115 0.891589
-0.407479 0.088349 0.908931
-0.332470 0.091569 0.938658
-0.390204 0.023966 0.920416
-0.438702 0.044685 0.897521
-0.391918 0.100813 0.914460
-0.406208 -0.038495 0.912970
-0.468764 0.054053 0.881668
-0.439402 0.065757 0.895881
-0.434706 0.050771 0.899140
0.600120 0.047053 0.798525
0.541641 0.053869 0.838883
-0.448643 -0.028253 0.893264
0.618819 0.132974 0.774197
-0.517660 0.046894 0.854300
-0.587634 -0.000663 0.809127
-0.585669 0.039035 0.809610
-0.641105 0.033059 0.766740
-0.677931 -0.014441 0.734983
-0.677604 -0.010719 0.735349
-0.683563 0.017875 0.729673
-0.669170 0.027704 0.742593
-0.708885 -0.021656 0.704992
-0.709965 -0.021326 0.703914
-0.744718 0.000157 0.667380
-0.740319 -0.001849 0.672254
-0.744469 -0.010880 0.667569
-0.752641 -0.008421 0.658377
-0.762283 -0.008387 0.647190
-0.766713 -0.008931 0.641928
-0.357446 0.190578 0.914282
-0.440877 0.109588 0.890852
-0.250999 0.091113 0.963690
-0.385696 -0.023386 0.922330
-0.452061 -0.024266 0.891657
-0.462590 0.003627 0.886565
-0.385389 -0.003859 0.922746
-0.412355 0.034547 0.910367
-0.396136 0.091347 0.913637
-0.417230 0.047620 0.907552
-0.403214 0.015745 0.914970
-0.452701 0.007233 0.891634
-0.487477 0.054386 0.871441
-0.577885 0.031242 0.815520
-0.608773 0.025924 0.792921
-0.634677 0.017717 0.772574
-0.627890 0.010117 0.778236
-0.651977 0.035638 0.757402
-0.671887 -0.023376 0.740284
-0.692403 0.009955 0.721443
-0.719528 -0.005410 0.694442
-0.720923 0.005036 0.692997
-0.731432 -0.021730 0.681569
-0.745874 -0.008278 0.666037
-0.733970 -0.023571 0.678773
-0.747981 -0.037793 0.662643
-0.762090 -0.016209 0.647268
-0.769664 -0.005084 0.638429
-0.768527 -0.005282 0.639795
-0.764276 -0.022704 0.644491
-0.506071 0.075404 0.859189
-0.336188 0.029757 0.941324
-0.492851 -0.056249 0.868294
-0.488387 -0.030965 0.872078
-0.391506 -0.023610 0.919872
-0.486198 0.001679 0.873847
-0.441603 0.015016 0.897085
-0.445129 0.025491 0.895103
-0.468866 -0.015256 0.883137
-0.442290 0.001107 0.896872
-0.474507 -0.082840 0.876344
-0.519562 0.002500 0.854428
-0.555605 -0.009361 0.831393
-0.612741 0.001693 0.790283
-0.606507 0.007405 0.795043
-0.624936 -0.006212 0.780651
-0.668931 0.019215 0.743077
-0.685858 -0.010690 0.727657
-0.699810 -0.016546 0.714138
-0.673010 -0.002346 0.739630
-0.724915 -0.022216 0.688480
-0.732848 -0.033467 0.679569
-0.752108 -0.018491 0.658780
-0.743545 0.012924 0.668561
-0.760841 0.000658 0.648937
-0.771285 -0.003037 0.636482
-0.775856 -0.031509 0.630123
-0.766118 0.001416 0.642698
-0.779820 -0.032316 0.625170
-0.767768 -0.036822 0.639669
-0.273029 -0.094220 0.957381
-0.508287 -0.080307 0.857435
-0.469581 -0.035540 0.882174
-0.560696 -0.051544 0.826416
-0.410879 -0.021855 0.911428
-0.445988 -0.015554 0.894904
-0.390172 -0.002324 0.920739
-0.411415 -0.014516 0.911333
-0.496371 -0.024275 0.867771
-0.521387 -0.029447 0.852812
-0.466518 -0.090891 0.879830
-0.590873 -0.020725 0.806498
-0.635216 0.009889 0.772271
-0.620501 0.008095 0.784164
-0.670918 -0.041894 0.740347
-0.664979 0.025515 0.746426
-0.692399 -0.031050 0.720847
-0.713994 -0.002392 0.700148
-0.700884 -0.029675 0.712657
-0.731093 -0.047055 0.680654
-0.740370 -0.022426 0.671826
-0.734301 -0.014549 0.678668
-0.767118 -0.027376 0.640921
-0.751365 -0.007553 0.659843
-0.763871 -0.022787 0.644968
-0.777311 -0.015622 0.628923
-0.789910 -0.026869 0.612634
-0.754011 -0.039115 0.655697
-0.770096 -0.016046 0.637726
-0.780300 -0.034833 0.624434
-0.568840 -0.145249 0.809520
-0.520858 -0.095754 0.848256
-0.536819 -0.049737 0.842230
-0.503563 -0.024268 0.863617
-0.479011 0.024264 0.877473
-0.433802 0.029975 0.900509
-0.493034 0.011912 0.869929
-0.509076 -0.040335 0.859775
-0.532571 -0.027249 0.845947
-0.530671 -0.023833 0.847242
-0.539648 -0.006299 0.841868
-0.637654 -0.060354 0.767955
-0.648722 -0.003884 0.761015
-0.702108 -0.045871 0.710591
-0.685835 0.014752 0.727607
-0.719778 -0.012052 0.694100
-0.740184 -0.015072 0.672235
-0.725729 -0.015093 0.687815
-0.744255 -0.025431 0.667412
-0.728065 -0.005155 0.685489
-0.763110 -0.016384 0.646061
-0.767204 -0.041416 0.640065
-0.762372 -0.006170 0.647109
-0.788597 -0.039847 0.613618
-0.796065 -0.042138 0.603742
-0.787725 -0.001767 0.616025
-0.781480 -0.034134 0.622995
-0.775109 -0.035135 0.630849
-0.799793 -0.052326 0.597991
-0.789189 -0.025793 0.613609
-0.447078 -0.038537 0.893665
-0.255278 0.014538 0.966759
-0.495254 0.056859 0.866886
-0.486451 0.024544 0.873363
-0.414622 0.094814 0.905041
-0.526754 0.019333 0.849798
-0.420976 0.028452 0.906625
-0.401781 -0.000631 0.915735
-0.458216 -0.018287 0.888653
-0.579047 -0.005685 0.815275
-0.645891 -0.008499 0.763382
-0.683167 0.020378 0.729978
-0.680402 -0.004757 0.732824
-0.707228 -0.001830 0.706983
-0.727731 -0.003341 0.685855
-0.713072 -0.018460 0.700848
-0.734999 -0.051367 0.676120
-0.721568 -0.017949 0.692110
-0.761592 -0.021504 0.647699
-0.774500 -0.038079 0.631426
-0.778020 -0.035894 0.627214
-0.763915 -0.012184 0.645203
-0.794322 -0.043762 0.605918
-0.788374 0.009629 0.615120
-0.786249 -0.034261 0.616959
-0.778048 -0.001261 0.628204
-0.789892 0.002760 0.613241
-0.825688 -0.038327 0.562823
-0.797042 0.003455 0.603915
-0.827750 -0.046306 0.559182
-0.411225 0.068614 0.908948
-0.525858 0.149934 0.837254
-0.514555 0.111535 0.850172
-0.488787 0.074091 0.869252
-0.381450 0.063544 0.922203
-0.525207 0.028428 0.850499
-0.439997 0.025325 0.897642
-0.531782 -0.004350 0.846870
-0.602991 0.003238 0.797741
-0.659758 0.009127 0.751423
-0.659242 -0.001477 0.751929
-0.688874 -0.013891 0.724748
-0.698687 0.012602 0.715316
-0.721906 -0.004828 0.691974
-0.738740 -0.022317 0.673621
-0.714391 -0.015265 0.699580
-0.735135 -0.019560 0.677639
-0.768100 -0.027668 0.639733
-0.749886 -0.030112 0.660883
-0.772060 -0.026798 0.634984
-0.778333 -0.006300 0.627821
-0.793321 -0.030174 0.608055
-0.801996 -0.021990 0.596924
-0.779099 -0.011858 0.626788
-0.801672 -0.015976 0.597550
-0.775159 -0.041417 0.630406
-0.821680 -0.015524 0.569738
-0.807824 0.007468 0.589376
-0.831723 -0.019129 0.554861
-0.856648 0.025773 0.515257
-0.414871 0.149374 0.897535
-0.516974 0.102498 0.849842
-0.377355 0.087005 0.921972
-0.421154 0.021676 0.906730
-0.458297 0.004782 0.888786
-0.461996 0.013903 0.886773
-0.508496 -0.011727 0.860985
-0.625948 0.001974 0.779863
-0.662888 0.000342 0.748719
-0.663671 0.005023 0.748008
-0.686782 -0.010931 0.726782
-0.734312 0.008294 0.678762
-0.727352 -0.024013 0.685844
-0.722386 -0.007820 0.691446
-0.727784 -0.002331 0.685804
-0.742750 -0.048506 0.667809
-0.755360 -0.014700 0.655144
-0.778387 -0.024019 0.627325
-0.756412 -0.031236 0.653349
-0.784571 -0.014849 0.619861
-0.783980 -0.004372 0.620771
-0.788789 -0.014607 0.614491
-0.800203 -0.009833 0.599648
-0.795734 -0.013670 0.605492
-0.808869 -0.027416 0.587349
-0.788953 -0.042815 0.612960
-0.793246 -0.030930 0.608115
-0.803241 -0.046720 0.593820
-0.803028 -0.033439 0.595001
-0.812806 -0.061459 0.579284
-0.536754 0.129807 0.833693
-0.414958 0.087169 0.905655
-0.338160 -0.013550 0.940991
-0.451997 0.003867 0.892011
-0.386978 -0.017949 0.921914
-0.519944 -0.016869 0.854034
-0.604115 -0.008131 0.796855
-0.664873 -0.012191 0.746858
-0.677931 -0.021808 0.734802
-0.669978 -0.015161 0.742227
-0.736859 -0.007037 0.676010
-0.742651 -0.036716 0.668672
-0.741903 -0.014068 0.670360
-0.726681 0.000236 0.686976
-0.749246 -0.031028 0.661565
-0.762443 -0.034368 0.646142
-0.759483 -0.002928 0.650521
-0.771493 0.003516 0.636229
-0.785394 -0.007308 0.618954
-0.793707 -0.032032 0.607456
-0.801329 -0.040584 0.596846
-0.823940 -0.026020 0.566079
-0.784032 -0.000661 0.620719
-0.799640 -0.010978 0.600380
-0.796930 0.004657 0.604054
-0.803428 -0.026418 0.594815
-0.827627 -0.052251 0.558841
-0.824317 -0.033885 0.565113
-0.821944 -0.066935 0.565622
-0.805484 -0.009845 0.592536
-0.305689 0.068809 0.949642
-0.298554 -0.020623 0.954170
-0.394751 -0.084764 0.914870
-0.562648 -0.050550 0.825150
-0.555031 -0.066242 0.829187
-0.612946 -0.003287 0.790117
-0.673459 -0.025767 0.738776
-0.679681 -0.013699 0.733380
-0.700016 -0.013932 0.713991
-0.729792 -0.008931 0.683610
-0.732629 -0.021656 0.680284
-0.751375 -0.023541 0.659456
-0.722841 -0.006319 0.690986
-0.770173 -0.025542 0.637323
-0.759659 -0.024277 0.649868
-0.775165 -0.028019 0.631138
-0.782094 -0.018884 0.622874
-0.793349 -0.019761 0.608447
-0.787904 -0.026123 0.615243
-0.799816 -0.028955 0.599547
-0.814807 -0.020527 0.579369
-0.792496 -0.022887 0.609448
-0.812150 -0.031402 0.582604
-0.807099 -0.035376 0.589355
-0.826311 -0.004553 0.563196
-0.805539 -0.052663 0.590197
-0.811249 -0.050116 0.582549
-0.815976 -0.030667 0.577272
-0.826886 -0.045616 0.560517
-0.807331 -0.034598 0.589084
-0.411354 -0.056713 0.909710
-0.467451 -0.070033 0.881241
-0.555787 -0.150924 0.817510
-0.601033 -0.070373 0.796120
-0.656000 -0.007023 0.754728
-0.700328 -0.025965 0.713349
-0.703178 -0.022695 0.710651
-0.716529 -0.010423 0.697479
-0.728262 -0.010517 0.685219
-0.749739 -0.040799 0.660475
-0.762528 -0.012413 0.646835
-0.766503 -0.038131 0.641108
-0.754559 -0.025520 0.655736
-0.762351 -0.022813 0.646762
-0.775944 -0.028504 0.630158
-0.777498 -0.005112 0.628864
-0.807285 -0.035175 0.589113
-0.784851 -0.009185 0.619615
-0.791978 -0.019815 0.610228
-0.815883 -0.025493 0.577656
-0.811613 -0.022309 0.583770
-0.825351 -0.024061 0.564107
-0.816016 -0.014595 0.577845
-0.813367 -0.020315 0.581397
-0.836643 -0.036942 0.546502
-0.812989 -0.024175 0.581777
-0.832421 -0.024601 0.553598
-0.806937 -0.037095 0.589471
-0.847777 0.000399 0.530353
-0.856069 0.009922 0.516767
-0.578759 -0.156241 0.800392
-0.429976 -0.082231 0.899087
-0.618262 -0.073810 0.782498
-0.726244 -0.013755 0.687300
-0.735079 -0.016547 0.677780
-0.721301 0.012288 0.692513
-0.721267 -0.003743 0.692647
-0.745369 -0.017291 0.666428
-0.772388 -0.021863 0.634775
-0.774237 -0.018993 0.632612
-0.761362 -0.005489 0.648303
-0.767309 -0.028098 0.640662
-0.798285 -0.038518 0.601047
-0.783953 0.004632 0.620802
-0.786708 -0.016905 0.617094
-0.787241 -0.038171 0.615463
-0.803593 -0.011167 0.595074
-0.811074 -0.023424 0.584474
-0.819442 -0.018931 0.572849
-0.813137 -0.039240 0.580748
-0.791823 -0.036903 0.609635
-0.813012 -0.027629 0.581591
-0.831079 -0.033422 0.555149
-0.814541 -0.030160 0.579321
-0.805666 -0.064585 0.588839
-0.804742 -0.063184 0.590252
-0.852265 -0.009444 0.523025
-0.843680 -0.019319 0.536500
-0.874327 0.003746 0.485324
-0.691599 -0.078332 0.718021
-0.618206 -0.065235 0.783305
-0.708826 0.027015 0.704866
-0.732740 -0.027170 0.679966
-0.691364 0.026165 0.722033
-0.742983 -0.012109 0.669199
-0.761652 -0.022170 0.647607
-0.760222 -0.014773 0.649495
-0.767922 -0.006605 0.640510
-0.769743 -0.013571 0.638209
-0.784201 -0.009505 0.620434
-0.781682 -0.029737 0.622968
-0.781895 -0.021405 0.623042
-0.789140 -0.024627 0.613720
-0.793130 -0.024662 0.608552
-0.799290 -0.019356 0.600633
-0.823806 -0.004150 0.566856
-0.819823 -0.028832 0.571890
-0.807052 -0.057775 0.587648
-0.835019 -0.010456 0.550122
-0.819546 -0.036825 0.571829
-0.791271 -0.036354 0.610383
-0.813728 -0.044011 0.579577
-0.818903 -0.044671 0.572190
-0.829286 -0.042188 0.557230
-0.819497 -0.064649 0.569426
-0.841540 -0.019611 0.539840
-0.852086 -0.025188 0.522795
-0.608146 -0.030067 0.793255
-0.755926 0.018238 0.654404
-0.754091 0.000428 0.656771
-0.753804 -0.001749 0.657097
-0.748143 -0.002134 0.663534
-0.769158 -0.020104 0.638742
-0.756816 0.002691 0.653623
-0.786759 -0.019099 0.616965
-0.760570 -0.026144 0.648730
-0.787263 -0.044096 0.615039
-0.809619 -0.010444 0.586862
-0.802027 -0.016518 0.597059
-0.785206 0.009290 0.619165
-0.802724 -0.002143 0.596347
-0.811820 -0.028781 0.583198
-0.820334 -0.033048 0.570930
-0.813001 -0.013340 0.582109
-0.828463 -0.024170 0.559522
-0.814219 -0.022026 0.580140
-0.827765 -0.018511 0.560771
-0.829594 -0.023747 0.557861
-0.836183 -0.044593 0.546634
-0.831524 -0.057753 0.552479
-0.834330 -0.017388 0.550992
-0.842104 -0.022947 0.538828
-0.834639 -0.055655 0.547979
-0.822112 -0.023022 0.568860
-0.768527 0.031700 0.639032
-0.814148 -0.019176 0.580340
-0.758694 0.000548 0.651447
-0.763708 -0.024945 0.645080
-0.777212 -0.018671 0.628961
-0.768494 -0.016014 0.639657
-0.791264 0.009177 0.611406
-0.781653 -0.015698 0.623516
-0.792522 -0.011153 0.609741
-0.802834 -0.002499 0.596198
-0.812572 -0.026346 0.582265
-0.792257 -0.023517 0.609733
-0.814841 -0.009541 0.579607
-0.816498 -0.019478 0.577020
-0.832854 -0.015766 0.553269
-0.819137 -0.026011 0.573008
-0.826483 -0.032443 0.562026
-0.830873 -0.022069 0.556023
-0.845606 -0.015540 0.533582
-0.839347 -0.019113 0.543259
-0.828923 -0.040059 0.557926
-0.851593 -0.000317 0.524204
-0.855057 -0.004008 0.518519
-0.841532 -0.037866 0.538879
-0.867452 0.016695 0.497241
-0.833632 -0.041980 0.550722
-0.778981 -0.070565 0.623065
-0.715006 -0.006095 0.699091
-0.737181 -0.019095 0.675425
-0.790118 -0.049758 0.610931
-0.777848 -0.017947 0.628196
-0.793734 -0.015641 0.608063
-0.798778 -0.015434 0.601428
-0.784698 -0.014706 0.619704
-0.810109 -0.035000 0.585234
-0.817090 0.002755 0.576504
-0.799316 -0.014155 0.600745
-0.796396 -0.030634 0.604000
-0.815582 -0.017185 0.578386
-0.821686 -0.033097 0.568979
-0.836639 -0.033353 0.546740
-0.814369 -0.016814 0.580103
-0.817259 -0.034471 0.575239
-0.825304 -0.032419 0.563756
-0.855561 -0.010821 0.517590
-0.840526 -0.049059 0.539546
-0.834983 -0.046607 0.548299
-0.868837 0.000927 0.495097
-0.848677 -0.047029 0.526816
-0.844797 -0.025945 0.534458
-0.884740 0.026350 0.465340
-0.695281 0.038423 0.717711
-0.722304 -0.002258 0.691571
-0.737630 -0.000218 0.675205
-0.808383 -0.018377 0.588370
-0.773553 -0.012545 0.633607
-0.762733 -0.000393 0.646714
-0.785669 -0.020050 0.618322
-0.812086 -0.024434 0.583026
-0.818972 -0.025330 0.573273
-0.797431 -0.045220 0.601713
-0.819163 -0.033160 0.572601
-0.813843 -0.019896 0.580744
-0.822027 -0.005079 0.569426
-0.837693 -0.008121 0.546080
-0.829126 -0.014900 0.558864
-0.839630 -0.037176 0.541884
-0.844458 -0.011688 0.535493
-0.839434 -0.044549 0.541633
-0.856944 -0.031150 0.514466
-0.834783 -0.062773 0.546989
-0.855291 -0.011802 0.518013
-0.842834 -0.014096 0.537990
-0.883695 0.015919 0.467792
-0.845477 -0.040249 0.532493
-0.745041 -0.058783 0.664424
-0.756978 -0.004077 0.653428
-0.804470 -0.016737 0.593758
-0.823232 -0.016090 0.567477
-0.793065 -0.020267 0.608800
-0.802363 -0.029133 0.596125
-0.816422 -0.006641 0.577419
-0.833517 -0.044632 0.550689
-0.827061 -0.026322 0.561496
-0.820942 -0.014379 0.570830
-0.824318 -0.022844 0.565666
-0.838831 -0.028476 0.543647
-0.828999 -0.037833 0.557968
-0.845190 -0.021664 0.534026
-0.851290 -0.017214 0.524412
-0.854286 -0.022232 0.519328
-0.861272 -0.024016 0.507575
-0.838184 -0.012556 0.545242
-0.847416 -0.040136 0.529409
-0.854446 -0.008134 0.519476
-0.861300 -0.030419 0.507184
-0.841338 -0.051406 0.538059
-0.853360 -0.007723 0.521265
-0.852456 0.035731 0.521576
-0.862809 -0.003924 0.505515
-0.832422 -0.015706 0.553919
-0.833681 -0.016731 0.551993
-0.791056 -0.050347 0.609669
-0.831590 -0.045756 0.553503
-0.846860 -0.031278 0.530894
-0.826956 -0.019411 0.561931
-0.817580 -0.014268 0.575639
-0.839531 -0.017114 0.543043
-0.835180 -0.019356 0.549636
-0.833875 -0.018882 0.551630
-0.842368 -0.025703 0.538289
-0.843757 -0.021798 0.536282
-0.840024 -0.057091 0.539538
-0.855727 -0.033391 0.516349
-0.844620 -0.018066 0.535061
-0.863927 -0.021506 0.503158
-0.865383 -0.059894 0.497518
-0.855673 -0.056705 0.514402
-0.854814 -0.054590 0.516056
-0.856526 -0.038247 0.514685
-0.803529 -0.096264 0.587431
-0.801243 -0.000097 0.598339
-0.798336 -0.048607 0.600247
-0.821937 -0.078833 0.564096
-0.817540 -0.048807 0.573801
-0.831323 -0.030801 0.554935
-0.827754 -0.033941 0.560063
-0.833677 -0.036951 0.551014
-0.834901 -0.012219 0.550265
-0.838375 -0.057460 0.542057
-0.831079 -0.017445 0.555881
-0.848197 -0.040779 0.528110
-0.859496 -0.012776 0.510983
-0.851594 -0.052153 0.521601
-0.863944 -0.050882 0.501010
-0.871127 -0.036063 0.489733
-0.846645 -0.045697 0.530193
-0.846201 -0.015936 0.532626
-0.842563 -0.087825 0.531388
-0.846747 -0.038899 0.530572
-0.847568 -0.089390 0.523103
-0.819567 0.069774 0.568720
-0.761756 -0.016567 0.647652
-0.805136 -0.042942 0.591533
-0.841948 -0.019276 0.539216
-0.835013 -0.040563 0.548733
-0.825456 -0.023245 0.563987
-0.830236 -0.026714 0.556772
-0.836063 -0.029090 0.547861
-0.844951 -0.019136 0.534501
-0.834710 -0.033934 0.549643
-0.841240 -0.053657 0.537993
-0.854659 -0.040841 0.517582
-0.855459 -0.038355 0.516447
-0.849179 -0.031557 0.527162
-0.861049 -0.029578 0.507661
-0.854282 -0.029998 0.518945
-0.863404 0.005741 0.504480
-0.850177 -0.033322 0.525442
-0.850321 -0.030619 0.525372
-0.867468 -0.020597 0.497065
-0.747469 -0.060291 0.661555
-0.778979 -0.079940 0.621934
-0.853535 -0.053293 0.518303
-0.839403 -0.015350 0.543292
-0.821639 -0.021452 0.569604
-0.831483 -0.041493 0.553997
-0.845777 -0.042145 0.531870
-0.834011 -0.034990 0.550637
-0.849009 -0.028874 0.527589
-0.833089 -0.041504 0.551579
-0.843137 -0.048822 0.535478
-0.854534 -0.014151 0.519202
-0.869742 -0.049757 0.490992
-0.851023 -0.050858 0.522659
-0.853881 -0.056328 0.517413
-0.849412 -0.030370 0.526856
-0.849117 -0.068507 0.523743
-0.853001 -0.051461 0.519366
-0.862086 0.002805 0.506753
-0.765450 -0.024323 0.643036
-0.858775 -0.049764 0.509931
-0.842470 -0.029848 0.537916
-0.841635 -0.028610 0.539289
-0.843473 -0.035160 0.536019
-0.864208 -0.004564 0.503115
-0.850691 -0.038516 0.524252
-0.846581 -0.032842 0.531245
-0.867576 -0.037792 0.495866
-0.859135 0.003891 0.511735
-0.865678 -0.047724 0.498320
-0.861924 -0.011237 0.506912
-0.851408 -0.064941 0.520468
-0.868985 -0.019175 0.494465
-0.852974 -0.012572 0.521802
-0.857834 -0.035703 0.512687
-0.845136 -0.055485 0.531664
-0.843552 -0.042349 0.535375
-0.916122 -0.020154 0.400394
-0.856722 -0.007165 0.515729
-0.838839 -0.015568 0.544157
-0.855920 -0.008969 0.517031
-0.849254 -0.006504 0.527944
-0.860165 -0.019175 0.509655
-0.851748 -0.014468 0.523751
-0.858423 -0.042410 0.511187
-0.850867 -0.031543 0.524434
-0.870068 -0.043308 0.491024
-0.877858 -0.027713 0.478119
-0.846353 -0.052958 0.529982
-0.865786 -0.036934 0.499049
-0.867401 -0.034330 0.496424
-0.862961 -0.067630 0.500725
-0.868863 -0.060319 0.491364
-0.844501 -0.062347 0.531913
-0.844976 0.057665 0.531686
-0.835027 -0.028646 0.549463
-0.802246 -0.038450 0.595755
-0.837125 -0.019459 0.546665
-0.848870 -0.019807 0.528231
-0.852404 -0.020319 0.522489
-0.855942 -0.045416 0.515074
-0.850572 -0.039229 0.524393
-0.865001 -0.042368 0.499978
-0.854412 -0.063877 0.515654
-0.851630 -0.032956 0.523107
-0.854756 -0.009527 0.518944
-0.854462 -0.034856 0.518344
-0.863689 0.010414 0.503917
-0.864784 -0.031787 0.501137
-0.856629 -0.054052 0.513094
-0.805526 -0.015688 0.592354
-0.819821 -0.058588 0.569613
-0.841451 -0.054377 0.537589
-0.845953 -0.046000 0.531271
-0.838221 -0.043820 0.543567
-0.841110 -0.069897 0.536329
-0.863079 -0.036296 0.503764
-0.871804 -0.054559 0.486809
-0.857911 -0.032719 0.512756
-0.856324 -0.064464 0.512399
-0.857193 -0.084868 0.507954
-0.886366 -0.002777 0.462978
-0.880552 -0.012385 0.473789
-0.857283 -0.091814 0.506593
-0.858974 0.011739 0.511884
-0.830814 -0.051991 0.554115
-0.915475 -0.016756 0.402026
-0.875964 -0.026191 0.481665
-0.877774 -0.018684 0.478710
-0.838609 -0.106365 0.534248
-0.869777 -0.026166 0.492751
-0.869887 -0.030446 0.492310
-0.883609 -0.029424 0.467300
-0.882919 -0.022932 0.468965
-0.869202 -0.014290 0.494251
-0.866063 -0.040661 0.498280
-0.880623 -0.086808 0.465797
-0.865382 -0.004829 0.501089
-0.877286 -0.010715 0.479848
-0.901568 0.025386 0.431893
-0.878091 -0.036784 0.477078
-0.867834 -0.033534 0.495721
-0.853481 -0.055700 0.518139
-0.861300 -0.039756 0.506538
-0.887900 -0.046973 0.457632
-0.880319 -0.045993 0.472148
-0.863298 -0.058997 0.501234
-0.866821 -0.038624 0.497120
-0.863665 -0.065383 0.499808
-0.898851 -0.029585 0.437253
-0.858047 -0.052353 0.510895
-0.851983 -0.082445 0.517038
-0.888619 -0.070631 0.453175
-0.840147 -0.055897 0.539471
-0.860657 -0.064194 0.505122
-0.869122 -0.025606 0.493935
-0.875184 -0.054282 0.480736
-0.885213 -0.048065 0.462697
-0.872125 -0.076225 0.483308
-0.895800 0.006118 0.444417
-0.860862 -0.060255 0.505257
-0.860023 -0.066876 0.505852
-0.896766 0.000471 0.442505
-0.901130 -0.008800 0.433460
-0.832427 -0.006492 0.554097
-0.843306 -0.049367 0.535162
-0.864290 -0.032452 0.501946
-0.867744 -0.055849 0.493863
-0.873415 -0.044850 0.484907
-0.857419 -0.061752 0.510901
-0.866376 -0.040031 0.497784
-0.894731 -0.002984 0.446595
-0.863797 -0.044986 0.501828
-0.880205 -0.020720 0.474143
-0.851546 -0.057595 0.521108
-0.832790 -0.182289 0.522716
-0.878717 -0.028757 0.476476
-0.889986 -0.065442 0.451267
-0.879679 -0.046638 0.473275
-0.897495 0.019705 0.440584
-0.877481 -0.063379 0.475405
-0.890820 -0.039849 0.452604
-0.855248 -0.083209 0.511495
-0.861032 -0.059684 0.505038
-0.863287 -0.068382 0.500061
-0.910795 0.051408 0.409645
-0.901642 -0.043739 0.430265
-0.910556 -0.007346 0.413321
-0.881111 -0.039397 0.471266
-0.865386 -0.034254 0.499934
-0.872105 -0.040628 0.487630
-0.873491 -0.043586 0.484884
-0.870839 -0.011510 0.491435
-0.876122 -0.006348 0.482047
-0.893335 -0.162059 0.419153
-0.891480 -0.026504 0.452285
-0.866209 -0.092344 0.491074
-0.871866 -0.074072 0.484110
-0.872120 -0.047578 0.486973
-0.869425 -0.062065 0.490151
-0.858087 -0.078224 0.507511
-0.858074 -0.033578 0.512428
-0.867252 0.064247 0.493707
-0.854663 -0.048193 0.516941
-0.861580 -0.015442 0.507388
-0.856958 -0.049769 0.512978
-0.858957 -0.043445 0.510202
-0.836211 -0.047041 0.546386
-0.850690 -0.038028 0.524291
-0.855114 -0.132138 0.501318
-0.845574 -0.071118 0.529100
-0.850855 -0.055206 0.522492
-0.857484 -0.043467 0.512672
-0.846993 -0.067924 0.527247
-0.845205 -0.056888 0.531405
-0.866778 0.024638 0.498086
-0.870920 -0.023340 0.490872
-0.865194 -0.015237 0.501206
-0.843321 -0.040594 0.535874
-0.848641 -0.023314 0.528456
-0.901324 -0.101399 0.421109
-0.877708 -0.039706 0.477547
-0.850419 -0.048865 0.523832
-0.832292 -0.055287 0.551573
-0.862552 -0.053993 0.503081
-0.781248 -0.042138 0.622797
-0.827519 -0.061686 0.558038
-0.757484 -0.033369 0.652001
-0.813101 -0.075298 0.577232
-0.870042 -0.097705 0.483198
